# t (s)	mx ()	my ()	mz ()	J-freq (Hz)	B_ext (T)
1e-09	0.49732018	-0.81780875	-0.045041963	1e+10	2.4492935e-17
1.010010510019381e-09	0.54705614	-0.7895577	-0.04090026	1e+10	-0.0058831936
1.0200191868244595e-09	0.59225523	-0.76550066	-0.028322438	1e+10	-0.009514283
1.0300004784157105e-09	0.6240467	-0.74892914	-0.014129327	1e+10	-0.009510472
1.0400085600344084e-09	0.63987994	-0.7407243	-0.003929315	1e+10	-0.0058735004
1.0500166452401584e-09	0.64372146	-0.7382481	-0.0015163192	1e+10	1.0458511e-05
1.0600254453409504e-09	0.64397186	-0.7350697	-0.00832961	1e+10	0.005890779
1.0700079545490493e-09	0.6493734	-0.72409964	-0.021845877	1e+10	0.009512109
1.0800174620565443e-09	0.66578746	-0.7013649	-0.035756413	1e+10	0.009507169
1.0900249823462577e-09	0.69419616	-0.66927874	-0.043318756	1e+10	0.0058651464
1.1000045783935311e-09	0.7301228	-0.63479817	-0.041289847	1e+10	-2.8766895e-06
1.1100117009426402e-09	0.76502573	-0.60387254	-0.030215163	1e+10	-0.005883799
1.12001759663214e-09	0.7892916	-0.58152044	-0.0133979805	1e+10	-0.009513976
1.1300221338142468e-09	0.7976453	-0.57182693	0.003728188	1e+10	-0.009506258
1.1400254122686153e-09	0.79071563	-0.57482886	0.015016267	1e+10	-0.0058649275
1.1500017083933468e-09	0.77421725	-0.58523846	0.016936863	1e+10	1.0734152e-06
1.1600071879163973e-09	0.7573106	-0.59556735	0.009633019	1e+10	0.0058815056
1.1700142397571698e-09	0.74983406	-0.5995712	-0.003494187	1e+10	0.009513326
1.1800230232129492e-09	0.75687766	-0.59523207	-0.015855893	1e+10	0.009506085
1.1900049386318314e-09	0.77500963	-0.5849446	-0.021156382	1e+10	0.005875342
1.2000140093772297e-09	0.795009	-0.57308555	-0.016859055	1e+10	-8.80235e-06
1.2100220003491175e-09	0.8072351	-0.5654715	-0.003938654	1e+10	-0.00588903
1.2200010681828386e-09	0.8049935	-0.5685258	0.013978306	1e+10	-0.009510772
1.2300077508444954e-09	0.7858959	-0.5855004	0.030964486	1e+10	-0.009509059
1.240015448783066e-09	0.753343	-0.61330277	0.039914697	1e+10	-0.0058699967
1.2500235672750073e-09	0.7168669	-0.6442356	0.036633488	1e+10	1.4807751e-05
1.2600038046656785e-09	0.6894746	-0.67039335	0.022809632	1e+10	0.0058797863
1.27001243887458e-09	0.6798384	-0.6867609	0.0048079826	1e+10	0.009512978
1.2800213097959396e-09	0.6863444	-0.690518	-0.010089181	1e+10	0.009506419
1.2900018889050737e-09	0.7005111	-0.6830691	-0.016595814	1e+10	0.0058768922
1.3000087323064774e-09	0.71401954	-0.6716637	-0.012127924	1e+10	-5.4866696e-06
1.3100146970121731e-09	0.71919054	-0.6659074	0.0020948064	1e+10	-0.0058853207
1.3200203694600702e-09	0.70947415	-0.67262566	0.020393064	1e+10	-0.0095145125
1.3300260031476429e-09	0.6834194	-0.6930377	0.035036184	1e+10	-0.009505504
1.3400047661423548e-09	0.64718014	-0.7224019	0.039888468	1e+10	-0.0058754296
1.3500117089186015e-09	0.6117271	-0.75285584	0.032916114	1e+10	7.35693e-06
1.3600193587780541e-09	0.5879235	-0.7763621	0.016975945	1e+10	0.0058876886
1.3700267155057e-09	0.58082855	-0.7866361	-0.0020872236	1e+10	0.009515739
1.3800059819941217e-09	0.5893112	-0.78076726	-0.018411461	1e+10	0.009509403
1.3900121501518796e-09	0.60853624	-0.7607899	-0.02723296	1e+10	0.0058716745
1.4000182466864972e-09	0.6309135	-0.7346213	-0.024702955	1e+10	-1.1464729e-05
1.4100249557863755e-09	0.64819765	-0.71486425	-0.010974459	1e+10	-0.005890531
1.4200049179558688e-09	0.6539276	-0.7118089	0.007846526	1e+10	-0.009511519
1.4300134505474339e-09	0.6450943	-0.7267493	0.023327034	1e+10	-0.00950795
1.4400216135005875e-09	0.62404096	-0.7524042	0.02916026	1e+10	-0.0058668605
1.4500013258131547e-09	0.59866554	-0.7772265	0.02348923	1e+10	8.3303297e-07
1.4600085573888315e-09	0.5794758	-0.7915993	0.008001892	1e+10	0.0058822017
1.470016236212632e-09	0.5755073	-0.7904066	-0.0124698775	1e+10	0.0095137125
1.4800241563756727e-09	0.5900106	-0.7724464	-0.030866086	1e+10	0.009505864
1.4900038639923314e-09	0.61920536	-0.7412002	-0.04001327	1e+10	0.0058758883
1.500010568797139e-09	0.65421754	-0.7061075	-0.03597296	1e+10	-6.6405705e-06
1.51001804061949e-09	0.68464404	-0.6801467	-0.020311518	1e+10	-0.005887019
1.5200263854000013e-09	0.70210266	-0.67226356	0.0007432837	1e+10	-0.009515675
1.530006137637155e-09	0.70142376	-0.6828367	0.019413516	1e+10	-0.0095093725
1.5400120358735972e-09	0.68325627	-0.70547163	0.029174156	1e+10	-0.0058717327
1.5500173098245798e-09	0.65532523	-0.72975785	0.026272304	1e+10	1.0876081e-05
1.5600234497535118e-09	0.62965107	-0.7452932	0.011606396	1e+10	0.005889766
1.570002640773144e-09	0.61818755	-0.7458921	-0.008923944	1e+10	0.009511078
1.5800096517919368e-09	0.6272933	-0.7315364	-0.027030652	1e+10	0.00950869
1.5900175337976544e-09	0.65428066	-0.70714533	-0.03571304	1e+10	0.005868936
1.6000263989884218e-09	0.6888969	-0.68034613	-0.03191799	1e+10	-1.6586966e-05
1.6100071177998266e-09	0.7184909	-0.659487	-0.01721142	1e+10	-0.00588147
1.6200144550884384e-09	0.7331478	-0.6512252	0.0033650133	1e+10	-0.009513368
1.6300206986269041e-09	0.7277164	-0.65875673	0.022500413	1e+10	-0.0095065385
1.6400270129678646e-09	0.7037957	-0.67947555	0.033065643	1e+10	-0.0058641126
1.650005868527602e-09	0.6701715	-0.7050046	0.030856485	1e+10	3.6873046e-06
1.660012583556794e-09	0.6401825	-0.7256009	0.016649177	1e+10	0.0058842474
1.6700200450355463e-09	0.6263354	-0.7346451	-0.0032951992	1e+10	0.009514449
1.6800011920708933e-09	0.6331441	-0.73048776	-0.020695627	1e+10	0.009510334
1.690010042874899e-09	0.6559271	-0.71511024	-0.029613376	1e+10	0.0058727465
1.7000174844579818e-09	0.6849215	-0.69372106	-0.027152883	1e+10	-1.09858065e-05
1.710023722315091e-09	0.70934886	-0.67427903	-0.01395397	1e+10	-0.0058899047
1.7200024118362517e-09	0.7197768	-0.66457486	0.0051315795	1e+10	-0.009511033
1.7300089183000808e-09	0.71159583	-0.6688564	0.022258127	1e+10	-0.009508832
1.7400155739196845e-09	0.6883242	-0.6858263	0.029745553	1e+10	-0.005869933
1.750022255725448e-09	0.66094315	-0.7084195	0.024639497	1e+10	1.398368e-05
1.7600018862729827e-09	0.64142644	-0.7274262	0.009880789	1e+10	0.0058788112
1.7700095983596149e-09	0.6362262	-0.73545426	-0.008180737	1e+10	0.009512427
1.7800172755328786e-09	0.64566565	-0.7290141	-0.02287163	1e+10	0.009507205
1.7900241917379621e-09	0.66588575	-0.71044886	-0.029289275	1e+10	0.0058655487
1.8000034882362971e-09	0.69023603	-0.68685806	-0.025047783	1e+10	-2.1917235e-06
1.8100104951279221e-09	0.71025825	-0.6669267	-0.011259193	1e+10	-0.005883186
1.8200179390516114e-09	0.7180506	-0.65851194	0.006895503	1e+10	-0.009514042
1.8300250834874224e-09	0.71065855	-0.66498625	0.02179234	1e+10	-0.009505684
1.8400043278556181e-09	0.69201046	-0.6833725	0.027337123	1e+10	-0.005875652
1.8500110914974835e-09	0.670232	-0.7060572	0.021828463	1e+10	6.9689927e-06
1.8600181910174458e-09	0.65393394	-0.7236575	0.007592451	1e+10	0.0058870954
1.870025561296474e-09	0.6489471	-0.7284932	-0.0099538565	1e+10	0.0095155155
1.8800052020438398e-09	0.65687	-0.7180022	-0.024003498	1e+10	0.009509555
1.8900125419181354e-09	0.67503464	-0.69639295	-0.028977687	1e+10	0.005871475
1.900020153088973e-09	0.6970831	-0.6729742	-0.02236096	1e+10	-1.26625555e-05
1.9100005306873866e-09	0.71465266	-0.6578969	-0.006334288	1e+10	-0.005878122
1.9200080914549894e-09	0.72011745	-0.6573101	0.012783091	1e+10	-0.009512135
1.9300149910019806e-09	0.7098755	-0.6711925	0.02728396	1e+10	-0.0095076505
1.9400211191612865e-09	0.6870029	-0.6943812	0.031867955	1e+10	-0.005867112
1.950027249482479e-09	0.66003764	-0.7189324	0.025019486	1e+10	1.7121347e-05
1.960006226092017e-09	0.6390917	-0.7361973	0.009212848	1e+10	0.005881017
1.970013310002662e-09	0.63120425	-0.73974204	-0.009536734	1e+10	0.009513146
1.980020831429039e-09	0.63812536	-0.72847086	-0.02353831	1e+10	0.009506512
1.9900005053596193e-09	0.6558956	-0.708261	-0.027157178	1e+10	0.005877596
2.000007932169542e-09	0.6773983	-0.68898904	-0.019068457	1e+10	-4.983929e-06
2.010015642497009e-09	0.6940806	-0.67959	-0.002462725	1e+10	-0.0058858013
2.020023215604956e-09	0.6978136	-0.68372154	0.016204378	1e+10	-0.009515063
2.0300025630550932e-09	0.684702	-0.69973326	0.029826997	1e+10	-0.009510067
2.0400091206827417e-09	0.6583179	-0.72271526	0.033196047	1e+10	-0.0058732154
2.0500155852924112e-09	0.6288504	-0.74555284	0.02459227	1e+10	9.792527e-06
2.060022364396455e-09	0.60764647	-0.76067924	0.0071218964	1e+10	0.005889215
2.070002115880434e-09	0.60171705	-0.7623724	-0.012344623	1e+10	0.009510976
2.0800095256116115e-09	0.61168087	-0.7496606	-0.026512977	1e+10	0.009508714
2.090016924253823e-09	0.632839	-0.7277303	-0.030236108	1e+10	0.005869246
2.100024119286752e-09	0.6575148	-0.7061174	-0.022152288	1e+10	-1.5154589e-05
2.110003669225722e-09	0.6770917	-0.6940633	-0.0052868403	1e+10	-0.0058797174
2.1200108678046523e-09	0.6834535	-0.6955787	0.013826927	1e+10	-0.009512673
2.1300182777024366e-09	0.67253274	-0.70918876	0.027626768	1e+10	-0.00950701
2.1400249629976636e-09	0.64854914	-0.72991437	0.030590972	1e+10	-0.005865156
2.1500038730231866e-09	0.62226623	-0.75055444	0.021190917	1e+10	2.4334922e-06
2.1600107325296776e-09	0.6050113	-0.7635382	0.002723869	1e+10	0.0058833067
2.17001837899613e-09	0.60363793	-0.7625531	-0.017605912	1e+10	0.009514127
2.1800259904114774e-09	0.61824167	-0.745871	-0.03206294	1e+10	0.009505507
2.1900055461532667e-09	0.6436521	-0.7188549	-0.03548661	1e+10	0.005875033
2.200012496546393e-09	0.6720284	-0.69193375	-0.026491208	1e+10	-7.851811e-06
2.2100199840712367e-09	0.69442993	-0.67569333	-0.008085983	1e+10	-0.005888006
2.2200004120009567e-09	0.70269185	-0.6749178	0.012587687	1e+10	-0.009510645
2.2300075919637177e-09	0.6930645	-0.68806005	0.027560038	1e+10	-0.00950909
2.2400139852240475e-09	0.6697751	-0.7096627	0.03117742	1e+10	-0.0058707413
2.250020166647741e-09	0.6431927	-0.7319025	0.0221278	1e+10	1.2671075e-05
2.260026988641173e-09	0.62469065	-0.7463138	0.0037266305	1e+10	0.005891563
2.270006782633755e-09	0.621804	-0.74616575	-0.016810019	1e+10	0.0095118815
2.2800141027290425e-09	0.635429	-0.72992015	-0.031597506	1e+10	0.009507823
2.2900215454887637e-09	0.6605636	-0.70324516	-0.035172433	1e+10	0.005866895
2.300001710495298e-09	0.68875414	-0.67691416	-0.026144147	1e+10	-1.0747359e-06
2.3100097145197282e-09	0.710932	-0.6609961	-0.007394833	1e+10	-0.0058827894
2.320017388845474e-09	0.7184714	-0.66048014	0.014118969	1e+10	-0.009513936
2.3300241469902792e-09	0.7071558	-0.6746037	0.030132838	1e+10	-0.009505866
2.340002828304833e-09	0.68089736	-0.69822854	0.034700565	1e+10	-0.005876415
2.3500091323458663e-09	0.65008616	-0.7233776	0.026116697	1e+10	5.7380216e-06
2.360015696442681e-09	0.6274037	-0.7409847	0.007560512	1e+10	0.0058858283
2.3700228896335324e-09	0.62135506	-0.7442042	-0.013460164	1e+10	0.009515
2.3800030948769018e-09	0.63266164	-0.7316345	-0.02868444	1e+10	0.009509964
2.390010918840572e-09	0.6559063	-0.70845896	-0.03281575	1e+10	0.005872301
2.4000182618537133e-09	0.68257356	-0.6846098	-0.02431102	1e+10	-1.1474259e-05
2.4100255479901087e-09	0.70346415	-0.66985154	-0.0059966864	1e+10	-0.0058908314
2.420005042338286e-09	0.70990974	-0.6693578	0.015038864	1e+10	-0.009511543
2.4300121401278817e-09	0.6976338	-0.6829352	0.030523472	1e+10	-0.009508206
2.4400188329357095e-09	0.67078847	-0.70599383	0.03450418	1e+10	-0.005868275
2.4500253608870876e-09	0.6405641	-0.7307674	0.025485603	1e+10	1.593471e-05
2.4600047559667475e-09	0.6193424	-0.74850297	0.0069869086	1e+10	0.0058802697
2.470012216552507e-09	0.61415505	-0.75231373	-0.013669779	1e+10	0.009512934
2.4800196532625726e-09	0.62503034	-0.74008834	-0.028548947	1e+10	0.0095067425
2.490026851135713e-09	0.6470634	-0.716827	-0.03251505	1e+10	0.005864195
2.500006451464276e-09	0.6727249	-0.69261026	-0.024154754	1e+10	-4.0535742e-06
2.5100137465068416e-09	0.6934033	-0.6773387	-0.006171399	1e+10	-0.005884838
2.520021280773851e-09	0.70043087	-0.67644835	0.01434854	1e+10	-0.0095146885
2.5300008860533875e-09	0.68973786	-0.6893112	0.029011518	1e+10	-0.009510393
2.5400076515650636e-09	0.6655663	-0.711204	0.03243722	1e+10	-0.0058739623
2.550014139391053e-09	0.63842535	-0.73474187	0.023477126	1e+10	8.884041e-06
2.5600210285019547e-09	0.61928964	-0.75138223	0.005367679	1e+10	0.0058885366
2.5700006736111214e-09	0.6147427	-0.7538003	-0.014916012	1e+10	0.009510696
2.580008156861395e-09	0.6253422	-0.7398139	-0.029592913	1e+10	0.00950898
2.5900154257356753e-09	0.64698184	-0.71489817	-0.03313588	1e+10	0.0058700084
2.600022572880543e-09	0.6725185	-0.68995994	-0.024148539	1e+10	-1.4182954e-05
2.610002492768193e-09	0.6932133	-0.67553115	-0.0058056414	1e+10	-0.0058791195
2.620010233268102e-09	0.7006064	-0.676162	0.014790233	1e+10	-0.00951255
2.6300174576167337e-09	0.6903308	-0.69017357	0.029434483	1e+10	-0.00950717
2.640024061893961e-09	0.6663703	-0.7123549	0.03281035	1e+10	-0.005865615
2.6500027865762444e-09	0.639032	-0.735557	0.023803508	1e+10	1.7508575e-06
2.660009477548538e-09	0.61912584	-0.75167465	0.0055116336	1e+10	0.0058826692
2.670016862595495e-09	0.61376953	-0.7534081	-0.014993665	1e+10	0.009513834
2.680024221025889e-09	0.62389994	-0.7389524	-0.029487845	1e+10	0.009505851
2.6900037314759742e-09	0.64506793	-0.7144849	-0.03250671	1e+10	0.005875956
2.7000109853586736e-09	0.670032	-0.6910747	-0.023049336	1e+10	-6.902304e-06
2.710018869591391e-09	0.69017875	-0.67883736	-0.00451947	1e+10	-0.0058874404
2.7200265317580986e-09	0.6969183	-0.68129057	0.015959334	1e+10	-0.009515704
2.730006149062087e-09	0.6858237	-0.69604164	0.030410713	1e+10	-0.009509371
2.740012676852119e-09	0.6608099	-0.7181065	0.03352735	1e+10	-0.0058714068
2.7500190673255466e-09	0.6324527	-0.7407611	0.02400092	1e+10	1.1980351e-05
2.7600257777369656e-09	0.6122606	-0.7562245	0.00515043	1e+10	0.005890948
2.7700056308058557e-09	0.6074765	-0.7575744	-0.015628316	1e+10	0.009511658
2.780012905813532e-09	0.6185765	-0.7430151	-0.030206673	1e+10	0.009508057
2.7900201001449707e-09	0.64062005	-0.7183924	-0.033222638	1e+10	0.0058676307
2.8000273338637373e-09	0.66604125	-0.69478905	-0.023660596	1e+10	-1.7174365e-05
2.810007357318078e-09	0.686387	-0.68235385	-0.0049190144	1e+10	-0.0058815917
2.8200148297598243e-09	0.69327134	-0.6845761	0.015876736	1e+10	-0.009513441
2.830022072562677e-09	0.68213004	-0.69906706	0.030426193	1e+10	-0.00950627
2.840001239982316e-09	0.6572771	-0.72052693	0.033175044	1e+10	-0.0058772224
2.850007550997979e-09	0.62960935	-0.7423928	0.02303724	1e+10	4.744432e-06
2.8600146049097915e-09	0.61099195	-0.7570386	0.0036018682	1e+10	0.005885274
2.8700220088777066e-09	0.608354	-0.7575121	-0.017600704	1e+10	0.009514829
2.8800018374668718e-09	0.6214602	-0.7417026	-0.03228517	1e+10	0.009510208
2.8900089348870724e-09	0.6450414	-0.71524274	-0.035215795	1e+10	0.00587331
2.900016091271841e-09	0.6714832	-0.68966436	-0.025222082	1e+10	-1.0110442e-05
2.9100236847044964e-09	0.6924864	-0.6757531	-0.005701871	1e+10	-0.0058898856
2.9200037952496513e-09	0.6996447	-0.67742336	0.015774772	1e+10	-0.009511302
2.9300111585464763e-09	0.6885528	-0.6921324	0.030786576	1e+10	-0.0095083965
2.940017601412582e-09	0.66350013	-0.7142321	0.03365095	1e+10	-0.005868902
2.950023963610215e-09	0.6356729	-0.73668313	0.023394229	1e+10	1.5056775e-05
2.9600031374239127e-09	0.61703956	-0.7516966	0.0037650445	1e+10	0.0058794473
2.9700105389384763e-09	0.61451703	-0.7522758	-0.017796604	1e+10	0.009512609
2.980017921859967e-09	0.62802076	-0.7361289	-0.03285007	1e+10	0.00950708
2.990025407156149e-09	0.6520705	-0.7091285	-0.035850327	1e+10	0.00586493
3.0000052323687143e-09	0.67876023	-0.68308574	-0.025648959	1e+10	-3.2875942e-06
3.0100128774898597e-09	0.6998319	-0.6688285	-0.0056652464	1e+10	-0.0058843964
3.0200205654657705e-09	0.70673215	-0.67063	0.016455656	1e+10	-0.009514551
3.0300001106920507e-09	0.6949023	-0.68604964	0.03200943	1e+10	-0.009510544
3.040006452325143e-09	0.6684361	-0.70938945	0.03534945	1e+10	-0.0058745723
3.0500127419123147e-09	0.6386925	-0.7332292	0.025252264	1e+10	8.005979e-06
3.0600195301664504e-09	0.6182334	-0.74955666	0.0053216843	1e+10	0.0058877757
3.0700267840410963e-09	0.61457324	-0.7512834	-0.016701488	1e+10	0.009515752
3.0800068986380474e-09	0.62749153	-0.73627925	-0.032162562	1e+10	0.009509224
3.090014250980337e-09	0.65131927	-0.7101766	-0.035511516	1e+10	0.0058706063
3.1000216012515556e-09	0.6779494	-0.6844818	-0.025469208	1e+10	-1.3572462e-05
3.11000137983454e-09	0.6988083	-0.6702074	-0.0055423174	1e+10	-0.0058785537
3.1200090585224997e-09	0.7054828	-0.67181194	0.016705617	1e+10	-0.009512322
3.130016200939621e-09	0.69319737	-0.6872797	0.03243144	1e+10	-0.009507415
3.140022829642752e-09	0.6661784	-0.7108596	0.035821542	1e+10	-0.0058662416
3.1500017763197586e-09	0.636099	-0.73500144	0.0257343	1e+10	1.1160946e-06
3.1600085383785794e-09	0.6154327	-0.7518296	0.0057458384	1e+10	0.005882192
3.1700159879064827e-09	0.611593	-0.7541817	-0.016367016	1e+10	0.009513665
3.180023443571473e-09	0.6242727	-0.7396415	-0.03200138	1e+10	0.009506003
3.190003092096205e-09	0.64778286	-0.7137347	-0.035563327	1e+10	0.005876281
3.200010315716466e-09	0.67437756	-0.68765223	-0.025802897	1e+10	-6.4815554e-06
3.210017787583527e-09	0.6954944	-0.6726834	-0.0059805037	1e+10	-0.0058868905
3.220025211574261e-09	0.70255685	-0.6737684	0.016231548	1e+10	-0.0095154485
3.2300048976723672e-09	0.69092077	-0.68882275	0.03191702	1e+10	-0.009509614
3.240011590051354e-09	0.6647312	-0.7121144	0.035368398	1e+10	-0.0058719595
3.2500181141830238e-09	0.6353919	-0.7361752	0.025401348	1e+10	1.1381474e-05
3.2600247726733378e-09	0.6151705	-0.75296694	0.005575895	1e+10	0.005890438
3.270004703931689e-09	0.61124814	-0.75525767	-0.016435701	1e+10	0.009511478
3.2800121646108088e-09	0.62357366	-0.7404757	-0.032145865	1e+10	0.009508201
3.290019550201068e-09	0.6468967	-0.7140573	-0.035756774	1e+10	0.00586791
3.300026725966472e-09	0.67345244	-0.6876206	-0.02596893	1e+10	-1.6792412e-05
3.310006671510998e-09	0.6946653	-0.67265767	-0.0061848564	1e+10	-0.0058812434
3.3200142610315024e-09	0.7020836	-0.67391574	0.016044477	1e+10	-0.009513331
3.330021526072171e-09	0.6908689	-0.6891369	0.031826425	1e+10	-0.009506377
3.3400004507566475e-09	0.66515684	-0.71234065	0.03538162	1e+10	-0.0058776233
3.350006858046483e-09	0.63593376	-0.7363506	0.025587939	1e+10	4.3090376e-06
3.3600135871702266e-09	0.61536485	-0.7531453	0.0058862674	1e+10	0.005884757
3.37002095971295e-09	0.6108437	-0.75542593	-0.016169015	1e+10	0.009514626
3.3800008345392447e-09	0.6225945	-0.7407141	-0.031839438	1e+10	0.0095104035
3.390008104290909e-09	0.64548135	-0.71454334	-0.03542243	1e+10	0.0058737323
3.40001536832211e-09	0.6717061	-0.68866706	-0.025624715	1e+10	-9.6562e-06
3.410023030861704e-09	0.6927794	-0.6744358	-0.0058502057	1e+10	-0.0058895536
3.4200032346256782e-09	0.7001234	-0.6762693	0.016224656	1e+10	-0.009511193
3.430010408521478e-09	0.68892384	-0.69163644	0.031966183	1e+10	-0.009508542
3.4400169639362237e-09	0.6630696	-0.7147225	0.035495974	1e+10	-0.005869226
3.4500234278696003e-09	0.6336863	-0.7384072	0.025636591	1e+10	1.4720159e-05
3.46000245611359e-09	0.6130221	-0.7548953	0.005927384	1e+10	0.005879101
3.4700098247604717e-09	0.60847247	-0.75709	-0.016183274	1e+10	0.009512471
3.4800172717191367e-09	0.62035227	-0.7423786	-0.031925816	1e+10	0.009507206
3.4900244850961e-09	0.6432983	-0.7163185	-0.03551412	1e+10	0.0058653993
3.500004004426153e-09	0.6694268	-0.69065326	-0.025763093	1e+10	-2.516055e-06
3.5100115260830545e-09	0.6905167	-0.67653733	-0.0059904177	1e+10	-0.00588371
3.52001922896859e-09	0.69795966	-0.6784274	0.016173294	1e+10	-0.009514292
3.530026535468312e-09	0.68684906	-0.69367766	0.031878218	1e+10	-0.0095053995
3.5400055567727248e-09	0.66123664	-0.716334	0.03526018	1e+10	-0.0058750277
3.550012044279204e-09	0.63222826	-0.7394973	0.025208237	1e+10	7.567643e-06
3.560018914127306e-09	0.61218935	-0.7555198	0.0052632876	1e+10	0.0058874628
3.5700263448200573e-09	0.60852057	-0.75725335	-0.016949542	1e+10	0.009515667
3.580006092288888e-09	0.6211353	-0.7420941	-0.032681346	1e+10	0.009509382
3.5900133422027597e-09	0.6445928	-0.7154291	-0.036229365	1e+10	0.005871068
3.6000205138208438e-09	0.6710767	-0.68908894	-0.026281808	1e+10	-1.288921e-05
3.6100005069528603e-09	0.6922643	-0.6746137	-0.006322042	1e+10	-0.0058781104
3.620008020871017e-09	0.6998301	-0.6763688	0.016078904	1e+10	-0.009512121
3.6300153880677878e-09	0.6887852	-0.69167286	0.03194216	1e+10	-0.009507573
3.6400218688600312e-09	0.6631106	-0.7144599	0.035345178	1e+10	-0.0058667306
3.6500007974413127e-09	0.63423896	-0.7375468	0.025230737	1e+10	5.0104717e-07
3.6600077019990624e-09	0.6143826	-0.7535037	0.0051482785	1e+10	0.005881767
3.6700150599496557e-09	0.611047	-0.75510794	-0.017239098	1e+10	0.009513485
3.68002248046311e-09	0.62413126	-0.73964	-0.03314934	1e+10	0.009506191
3.690002237065174e-09	0.64790773	-0.7126897	-0.036691904	1e+10	0.0058767153
3.70000934578038e-09	0.6746027	-0.686007	-0.026603295	1e+10	-5.8721266e-06
3.7100169808287206e-09	0.6958698	-0.67130893	-0.006331007	1e+10	-0.0058864807
3.720024453600151e-09	0.7032645	-0.67314327	0.016356423	1e+10	-0.009515302
3.730004258118845e-09	0.691888	-0.6887264	0.03243795	1e+10	-0.009509738
3.740010938970766e-09	0.66562086	-0.71198833	0.03601919	1e+10	-0.0058722906
3.750017279233852e-09	0.6359569	-0.7356032	0.02586409	1e+10	1.0856861e-05
3.760023920839751e-09	0.6155839	-0.7519239	0.0055974214	1e+10	0.0058900053
3.770003731525578e-09	0.6120707	-0.75385284	-0.016967425	1e+10	0.009511289
3.780011458848415e-09	0.6252202	-0.7386963	-0.033094846	1e+10	0.009508338
3.790018649038309e-09	0.6492227	-0.71185887	-0.036768205	1e+10	0.005868369
3.800025824202914e-09	0.6759963	-0.68517345	-0.026684912	1e+10	-1.6225818e-05
3.810005857691383e-09	0.69716334	-0.67034465	-0.006378782	1e+10	-0.00588083
3.8200134745753215e-09	0.70441294	-0.6720345	0.016480573	1e+10	-0.009513178
3.830020646868419e-09	0.692687	-0.687754	0.03277264	1e+10	-0.009506549
3.840027150332833e-09	0.6659689	-0.7113033	0.036426	1e+10	-0.005864043
3.850006061250953e-09	0.63597596	-0.7351817	0.026276732	1e+10	3.8083963e-06
3.8600130414610314e-09	0.61536425	-0.7518339	0.005916164	1e+10	0.0058844797
3.870020231030746e-09	0.61180496	-0.7540948	-0.016833747	1e+10	0.0095144855
3.88000023897618e-09	0.62495744	-0.73924696	-0.03305097	1e+10	0.009510519
3.890007584878871e-09	0.6490181	-0.71247685	-0.036889862	1e+10	0.0058739963
3.900014764502168e-09	0.6758812	-0.6855322	-0.026941627	1e+10	-9.276809e-06
3.910022291200154e-09	0.6971904	-0.6702256	-0.006592489	1e+10	-0.005889178
3.920002263652152e-09	0.70450103	-0.6715791	0.01629733	1e+10	-0.009511004
3.930009485400256e-09	0.6928769	-0.68719506	0.032718137	1e+10	-0.0095087215
3.940016123748495e-09	0.66624665	-0.7108395	0.036485966	1e+10	-0.0058696535
3.950022601019389e-09	0.6362299	-0.734974	0.026384681	1e+10	1.4200635e-05
3.960001736207618e-09	0.61565155	-0.75179523	0.0061133914	1e+10	0.005878735
3.970009229898188e-09	0.611944	-0.7542636	-0.01667816	1e+10	0.009512356
3.980016725612018e-09	0.6249801	-0.7394495	-0.033034187	1e+10	0.009507312
3.99002403099261e-09	0.64897156	-0.71258205	-0.036954146	1e+10	0.00586563
4.000003635967743e-09	0.67578095	-0.68549883	-0.02709651	1e+10	-2.2845459e-06
4.010011076087107e-09	0.6971763	-0.6699679	-0.006767495	1e+10	-0.0058834814
4.020018764579268e-09	0.704623	-0.67123896	0.016220419	1e+10	-0.009514202
4.030026135306578e-09	0.693125	-0.68689424	0.032698076	1e+10	-0.009505478
4.040005107452234e-09	0.6666893	-0.7105693	0.036558762	1e+10	-0.005875256
4.050011468027603e-09	0.63665414	-0.73485625	0.026599588	1e+10	7.2055736e-06
4.060018310080162e-09	0.61578256	-0.75189346	0.0063671763	1e+10	0.005887156
4.070025702540342e-09	0.61170983	-0.75449765	-0.016407276	1e+10	0.0095155435
4.08000554779065e-09	0.624339	-0.73987055	-0.03276265	1e+10	0.009509487
4.090012703557816e-09	0.6480611	-0.7131748	-0.036759235	1e+10	0.0058713933
4.100020015904063e-09	0.67480266	-0.6862113	-0.026943868	1e+10	-1.257636e-05
4.110027543362943e-09	0.696141	-0.67090017	-0.0066847624	1e+10	-0.0058918446
4.1200075877558515e-09	0.7036074	-0.6722991	0.016180292	1e+10	-0.009512037
4.130014838295272e-09	0.692224	-0.6879558	0.03265838	1e+10	-0.00950768
4.140021575725469e-09	0.66578764	-0.711637	0.036562864	1e+10	-0.0058668796
4.150000322219922e-09	0.6358105	-0.73579425	0.026690492	1e+10	2.0245675e-07
4.1600070884362015e-09	0.61477995	-0.75282246	0.006523047	1e+10	0.0058814553
4.170014514090169e-09	0.6104868	-0.755485	-0.016231734	1e+10	0.009513379
4.180022005376741e-09	0.6229711	-0.7409164	-0.032639336	1e+10	0.009506283
4.190001669013421e-09	0.64649177	-0.7144314	-0.036659934	1e+10	0.005877004
4.2000088258094445e-09	0.6731519	-0.6876103	-0.026926236	1e+10	-5.5454193e-06
4.210016281532194e-09	0.6945001	-0.67240167	-0.006754532	1e+10	-0.005886126
4.2200239204422e-09	0.70206964	-0.67384106	0.0161064	1e+10	-0.009515199
4.2300036973189554e-09	0.6908679	-0.68935734	0.032492954	1e+10	-0.009509847
4.240010299076675e-09	0.6646444	-0.71280926	0.036375277	1e+10	-0.005872616
4.250016719591465e-09	0.6348227	-0.7367605	0.026450671	1e+10	1.0505227e-05
4.260023553420786e-09	0.6140541	-0.75353676	0.0062746904	1e+10	0.0058898185
4.270003403810398e-09	0.6099847	-0.7560123	-0.016403506	1e+10	0.009511226
4.280010725464743e-09	0.6225999	-0.74130845	-0.03280604	1e+10	0.00950848
4.290018050424115e-09	0.6462647	-0.71459955	-0.036813263	1e+10	0.0058686733
4.300025128811976e-09	0.67296255	-0.68767494	-0.027032077	1e+10	-1.5788892e-05
4.310005199278889e-09	0.69429976	-0.67247045	-0.00689024	1e+10	-0.005880495
4.32001282389437e-09	0.7019744	-0.6738895	0.015987838	1e+10	-0.009513052
4.3300201999196886e-09	0.6908572	-0.6894133	0.032420076	1e+10	-0.009506635
4.340026778385913e-09	0.66475916	-0.7127604	0.036264177	1e+10	-0.0058642323
4.350005502574383e-09	0.6351782	-0.73648417	0.026338354	1e+10	3.4573693e-06
4.360012382955626e-09	0.61456776	-0.75310826	0.006146894	1e+10	0.0058841454
4.370019710040817e-09	0.61067957	-0.75542855	-0.016616251	1e+10	0.009514385
4.380027249676338e-09	0.62350523	-0.74053574	-0.0330195	1e+10	0.009505261
4.390006792243751e-09	0.6472496	-0.7137432	-0.036990985	1e+10	0.0058743996
4.400013972483045e-09	0.6740158	-0.6867162	-0.027158221	1e+10	-8.779169e-06
4.410021669374578e-09	0.69541484	-0.67146766	-0.006878496	1e+10	-0.005888862
4.4200016139641295e-09	0.70303345	-0.6729436	0.016018381	1e+10	-0.0095108785
4.430008852876394e-09	0.6918528	-0.6885414	0.032531317	1e+10	-0.009508844
4.440015425671876e-09	0.66561735	-0.71196765	0.036422364	1e+10	-0.0058700084
4.4500218806929184e-09	0.6357915	-0.7358016	0.026438985	1e+10	1.374804e-05
4.460001111531164e-09	0.6151576	-0.75239307	0.0062286863	1e+10	0.0058784178
4.470008420441692e-09	0.6113061	-0.7547417	-0.01661317	1e+10	0.009512199
4.4800159854696324e-09	0.6242598	-0.73988223	-0.033080902	1e+10	0.009507457
4.490023307270877e-09	0.64820284	-0.71302474	-0.03707531	1e+10	0.0058659986
4.500002951387117e-09	0.6749516	-0.6860521	-0.027241154	1e+10	-1.8544112e-06
4.510010453329401e-09	0.696339	-0.67074144	-0.006911765	1e+10	-0.0058831647
4.5200179600164426e-09	0.70388734	-0.6722009	0.016125144	1e+10	-0.009514046
4.5300253328936325e-09	0.69252014	-0.6878681	0.032693896	1e+10	-0.009505634
4.54000439708325e-09	0.6661413	-0.71134114	0.03659919	1e+10	-0.0058756173
4.550010754936868e-09	0.6361263	-0.73528355	0.026597228	1e+10	6.7575256e-06
4.560017453510987e-09	0.615383	-0.7519989	0.0062606498	1e+10	0.005886721
4.570024929703787e-09	0.6116382	-0.7544028	-0.016647171	1e+10	0.0095153935
4.580004806641562e-09	0.6246929	-0.73964614	-0.033124994	1e+10	0.009509631
4.59001212802967e-09	0.6487463	-0.71279156	-0.037181374	1e+10	0.0058716857
4.6000193924103815e-09	0.67564017	-0.68562925	-0.027335968	1e+10	-1.2184608e-05
4.610026740205188e-09	0.6970343	-0.67015004	-0.006963567	1e+10	-0.0058914367
4.6200068158772346e-09	0.7045381	-0.6714692	0.016083164	1e+10	-0.009511888
4.6300141371013396e-09	0.69313204	-0.687117	0.032734677	1e+10	-0.009507816
4.640020827045702e-09	0.66659665	-0.710754	0.03669045	1e+10	-0.0058672605
4.650027129114122e-09	0.63651437	-0.73482305	0.02667662	1e+10	1.7045717e-05
4.660006165137136e-09	0.6157984	-0.7516124	0.006372452	1e+10	0.005880986
4.670013816696654e-09	0.6120342	-0.75413686	-0.016579235	1e+10	0.009513244
4.680021216007784e-09	0.6251441	-0.7393898	-0.033152573	1e+10	0.009506437
4.690001096492422e-09	0.64916945	-0.7125733	-0.037244674	1e+10	0.005877295
4.700008275166417e-09	0.6761067	-0.6852821	-0.02743826	1e+10	-5.1994402e-06
4.710015827161141e-09	0.697539	-0.6696287	-0.0070582326	1e+10	-0.005885895
4.720023362363716e-09	0.70506537	-0.67086333	0.016094465	1e+10	-0.009515091
4.7300030786161315e-09	0.6936778	-0.6864913	0.032754563	1e+10	-0.009509968
4.740009743717842e-09	0.6671214	-0.7102316	0.036783975	1e+10	-0.0058728983
4.7500161036245356e-09	0.6369591	-0.73445296	0.026835285	1e+10	1.0118204e-05
4.760022773093673e-09	0.61606	-0.75143015	0.00650148	1e+10	0.0058894227
4.770002670580168e-09	0.6121464	-0.75407094	-0.016396854	1e+10	0.009511083
4.7800100810388394e-09	0.6250933	-0.7394472	-0.033017002	1e+10	0.009508606
4.790017437029557e-09	0.6490948	-0.7126347	-0.037161592	1e+10	0.0058689853
4.80002458325211e-09	0.67599297	-0.68539	-0.027378652	1e+10	-1.5446107e-05
4.810004512626535e-09	0.6973566	-0.669783	-0.007084459	1e+10	-0.0058801463
4.8200121087763954e-09	0.7049099	-0.670992	0.01605828	1e+10	-0.009512913
4.830019579888261e-09	0.6935035	-0.6866722	0.032773674	1e+10	-0.009506756
4.840026163122996e-09	0.66693324	-0.7104534	0.03681696	1e+10	-0.0058645452
4.850004849228704e-09	0.6368059	-0.73466825	0.0269403	1e+10	3.0468602e-06
4.860011611492934e-09	0.61577547	-0.7517314	0.0066533713	1e+10	0.0058837533
4.870019212750847e-09	0.611697	-0.7544581	-0.016292106	1e+10	0.009514289
4.880026663589618e-09	0.62451744	-0.73990405	-0.032906577	1e+10	0.009505374
4.890006253911575e-09	0.64835036	-0.71325874	-0.03706859	1e+10	0.005874673
4.900013584960105e-09	0.67519987	-0.6860821	-0.027351394	1e+10	-8.535681e-06
4.910021003656135e-09	0.6966152	-0.67047584	-0.007057588	1e+10	-0.005888524
4.920001005627545e-09	0.70418376	-0.6716825	0.015978439	1e+10	-0.00951076
4.930008336509619e-09	0.6928763	-0.687301	0.032680754	1e+10	-0.009508945
4.940015005733088e-09	0.6664177	-0.7110016	0.036738053	1e+10	-0.005870222
4.950021282386655e-09	0.63630366	-0.7352078	0.02685273	1e+10	1.3372114e-05
4.960000509510955e-09	0.6153767	-0.75217277	0.006652703	1e+10	0.0058781113
4.9700079257539185e-09	0.61126286	-0.75489104	-0.01626505	1e+10	0.009512103
4.9800153941556204e-09	0.6240194	-0.74034214	-0.03287655	1e+10	0.009507571
4.990022731683546e-09	0.64787155	-0.7136198	-0.037047666	1e+10	0.0058662915
5.000002296952402e-09	0.6746268	-0.68652666	-0.027370626	1e+10	-1.4432178e-06
5.010009822400739e-09	0.69606787	-0.6709249	-0.0071150064	1e+10	-0.0058828443
5.02001742492614e-09	0.70370615	-0.67214584	0.015949141	1e+10	-0.0095139425
5.030024764077321e-09	0.692462	-0.6877425	0.032609712	1e+10	-0.009505745
5.0400036875469625e-09	0.66619223	-0.7112924	0.036640897	1e+10	-0.0058759777
5.0500102125309124e-09	0.6361927	-0.73540103	0.026777264	1e+10	6.416722e-06
5.060017014581565e-09	0.6152931	-0.7523186	0.006543245	1e+10	0.005886498
5.070024389882399e-09	0.61124545	-0.75493276	-0.016350444	1e+10	0.009515289
5.080004170471498e-09	0.62398577	-0.7403544	-0.032900117	1e+10	0.009509755
5.090011412076179e-09	0.64783204	-0.7135999	-0.037071772	1e+10	0.00587205
5.100018651922753e-09	0.6746566	-0.68644094	-0.027350973	1e+10	-1.1719346e-05
5.110026272312238e-09	0.6960841	-0.6709113	-0.0070795757	1e+10	-0.005891199
5.120006188986093e-09	0.703712	-0.6721779	0.015917413	1e+10	-0.009511766
5.1300136574230176e-09	0.6925102	-0.68776816	0.032584988	1e+10	-0.00950791
5.140020181726889e-09	0.66618705	-0.7113495	0.03661772	1e+10	-0.005867589
5.150026578615887e-09	0.6362072	-0.73539615	0.026724083	1e+10	1.6699829e-05
5.16000572491821e-09	0.6153884	-0.75220656	0.006533048	1e+10	0.0058807624
5.170013148746251e-09	0.61136305	-0.75478816	-0.016368067	1e+10	0.009513115
5.180020599744849e-09	0.6241962	-0.7401315	-0.032956634	1e+10	0.009506557
5.190000374421712e-09	0.64802086	-0.71343523	-0.03710083	1e+10	0.005877662
5.200007502958962e-09	0.67485636	-0.6862859	-0.027376108	1e+10	-4.714248e-06
5.2100149660645835e-09	0.6962835	-0.6707686	-0.0070971437	1e+10	-0.0058854576
5.220022588827619e-09	0.70390356	-0.672065	0.015973445	1e+10	-0.009514942
5.230002447436271e-09	0.6926888	-0.68762827	0.032601945	1e+10	-0.00951009
5.24000896578053e-09	0.6663282	-0.71120435	0.036645222	1e+10	-0.005873294
5.250015370732293e-09	0.6363118	-0.73523766	0.026743457	1e+10	9.657714e-06
5.2600222049821015e-09	0.61546004	-0.75206447	0.006467854	1e+10	0.005889134
5.270002040862522e-09	0.61152446	-0.75461465	-0.016391043	1e+10	0.009510961
5.280009397124496e-09	0.6244323	-0.7399614	-0.03299885	1e+10	0.009508739
5.290016790034363e-09	0.6483929	-0.7131718	-0.037150286	1e+10	0.0058693145
5.300024042617336e-09	0.67526066	-0.6859962	-0.02739319	1e+10	-1.5106416e-05
5.310003998522359e-09	0.69663167	-0.6704772	-0.0071437852	1e+10	-0.005879885
5.320011377127611e-09	0.7042506	-0.6717219	0.01595694	1e+10	-0.009512772
5.330018776110761e-09	0.69296	-0.6873324	0.03264941	1e+10	-0.009506913
5.34002529962679e-09	0.6665322	-0.71094406	0.036674704	1e+10	-0.005864985
5.35000416770449e-09	0.63656336	-0.7349408	0.026782196	1e+10	2.618646e-06
5.3600109676821725e-09	0.6157085	-0.7517983	0.006491085	1e+10	0.0058834264
5.370018433204432e-09	0.6118198	-0.75436145	-0.01644976	1e+10	0.009514138
5.38002576987433e-09	0.62481594	-0.7396792	-0.03305742	1e+10	0.009505549
5.390005644488953e-09	0.6487689	-0.7129301	-0.037203148	1e+10	0.005874983
5.4000128525390014e-09	0.67567146	-0.6856887	-0.027455552	1e+10	-8.075487e-06
5.4100203447351244e-09	0.69710463	-0.6700616	-0.0071286345	1e+10	-0.005888189
5.420000339607054e-09	0.7046832	-0.6712673	0.015941119	1e+10	-0.009510631
5.430007625363366e-09	0.69337696	-0.6868798	0.032673124	1e+10	-0.009509084
5.44001411374714e-09	0.6669094	-0.7105457	0.036733575	1e+10	-0.005870676
5.450020559431549e-09	0.63680655	-0.73467845	0.026817773	1e+10	1.2917868e-05
5.460027436443244e-09	0.6159307	-0.7515812	0.0065088645	1e+10	0.00589179
5.470007252739649e-09	0.61202866	-0.7541841	-0.016384142	1e+10	0.009511973
5.480014774410127e-09	0.6249941	-0.73955667	-0.033020824	1e+10	0.009507692
5.490022068587529e-09	0.64901185	-0.7127522	-0.037190367	1e+10	0.005866629
5.500001720841254e-09	0.67584586	-0.685574	-0.027475733	1e+10	-1.0812364e-06
5.510009239164149e-09	0.6972867	-0.66989803	-0.007156334	1e+10	-0.005882548
5.520016723192543e-09	0.70486593	-0.6710889	0.015984846	1e+10	-0.009513807
5.530024037152846e-09	0.6935045	-0.68673265	0.03271669	1e+10	-0.0095058875
5.540003103112444e-09	0.66706717	-0.71038365	0.036782358	1e+10	-0.0058762752
5.550009405891093e-09	0.6369096	-0.7345838	0.026898274	1e+10	5.909895e-06
5.560016245536474e-09	0.61595404	-0.7515619	0.006605608	1e+10	0.005886107
5.570023627974194e-09	0.6119783	-0.75422525	-0.01634989	1e+10	0.009515142
5.580003642680499e-09	0.6248557	-0.73968726	-0.032950073	1e+10	0.009509858
5.590010907952147e-09	0.648829	-0.71293485	-0.037153266	1e+10	0.0058723064
5.600018086036691e-09	0.6757201	-0.68570554	-0.027432062	1e+10	-1.136379e-05
5.610025540380717e-09	0.6971426	-0.6700478	-0.0071204915	1e+10	-0.0058908276
5.620005487000001e-09	0.70470273	-0.6712228	0.015947187	1e+10	-0.00951163
5.630012887736622e-09	0.6933751	-0.68684137	0.032687843	1e+10	-0.009508059
5.640019551176954e-09	0.6668823	-0.7105564	0.036767785	1e+10	-0.0058679096
5.650025938752548e-09	0.6367395	-0.73476267	0.026878117	1e+10	1.6297792e-05
5.6600052109903186e-09	0.6158291	-0.75171137	0.006655844	1e+10	0.005880501
5.670012570539939e-09	0.6117911	-0.7544156	-0.01628934	1e+10	0.009513003
5.680020063452871e-09	0.6246541	-0.73985744	-0.03292846	1e+10	0.009506662
5.6900273804369465e-09	0.6485988	-0.7131138	-0.03711687	1e+10	0.005863926
5.700006936383403e-09	0.6754005	-0.68597126	-0.027435955	1e+10	-4.358258e-06
5.71001454963359e-09	0.69683826	-0.67030096	-0.007154095	1e+10	-0.0058852457
5.720021983209176e-09	0.70443565	-0.6714779	0.015954128	1e+10	-0.0095148245
5.73000177237132e-09	0.69317484	-0.68703794	0.032634076	1e+10	-0.009510221
5.740008317985727e-09	0.6667487	-0.71071786	0.03672839	1e+10	-0.0058736233
5.750014693811377e-09	0.6366507	-0.7349013	0.026866069	1e+10	9.232393e-06
5.760021483666123e-09	0.6157035	-0.75187415	0.0066086827	1e+10	0.0058887675
5.770001387896072e-09	0.61166114	-0.7545541	-0.016258053	1e+10	0.009510835
5.780008755538217e-09	0.62447244	-0.74000585	-0.03289868	1e+10	0.009508864
5.7900161251601974e-09	0.6483791	-0.7132717	-0.0370998	1e+10	0.0058696526
5.8000234140945e-09	0.67523766	-0.68607676	-0.027393796	1e+10	-1.4711504e-05
5.810003335781522e-09	0.69661653	-0.67048234	-0.0071774605	1e+10	-0.005879548
5.820010759051505e-09	0.70425	-0.6716601	0.015915366	1e+10	-0.009512652
5.830018128289972e-09	0.6929854	-0.6872562	0.032623593	1e+10	-0.00950704
5.840024813867789e-09	0.66658133	-0.7109122	0.03668932	1e+10	-0.005865232
5.850003662244632e-09	0.63659716	-0.73499256	0.026853513	1e+10	2.3010562e-06
5.860010428908036e-09	0.6156494	-0.7519442	0.006613897	1e+10	0.0058831526
5.870017795397486e-09	0.61160034	-0.754599	-0.016302153	1e+10	0.009514014
5.880025269679843e-09	0.62442976	-0.74000716	-0.03291618	1e+10	0.009505647
5.890004975043807e-09	0.64826554	-0.7133434	-0.037093505	1e+10	0.0058753234
5.900012083772061e-09	0.67511594	-0.6861657	-0.027398195	1e+10	-7.592457e-06
5.91001978606113e-09	0.69654536	-0.67056835	-0.0071299416	1e+10	-0.0058879056
5.920027295193747e-09	0.7041522	-0.6717961	0.015949834	1e+10	-0.009515851
5.930006937757724e-09	0.69292057	-0.6873501	0.03260045	1e+10	-0.009509217
5.9400136165728464e-09	0.66653943	-0.71097577	0.036672894	1e+10	-0.005870929
5.950020046990393e-09	0.63649255	-0.7350841	0.026799737	1e+10	1.2595892e-05
5.960026695959907e-09	0.6155921	-0.75198233	0.0065452447	1e+10	0.0058914144
5.970006475221882e-09	0.61158985	-0.754597	-0.016307196	1e+10	0.009511822
5.980014174806139e-09	0.62443364	-0.7400021	-0.032926515	1e+10	0.009507809
5.990021504974425e-09	0.6483549	-0.713255	-0.037103035	1e+10	0.005866916
6.000000975202576e-09	0.6751393	-0.6861513	-0.027422057	1e+10	-6.1273784e-07
6.010008537083197e-09	0.6965786	-0.67054313	-0.0071565676	1e+10	-0.0058821915
6.0200161041757935e-09	0.7042011	-0.67175615	0.015928054	1e+10	-0.009513687
6.03002345350518e-09	0.6929271	-0.6873529	0.03261968	1e+10	-0.009506001
6.040002468927033e-09	0.6666076	-0.7109071	0.036670975	1e+10	-0.0058765975
6.050008922172689e-09	0.63656163	-0.735003	0.026801173	1e+10	5.605966e-06
6.060015750562156e-09	0.61566985	-0.7518939	0.006543668	1e+10	0.0058858558
6.070023076581858e-09	0.61170304	-0.75449085	-0.01637412	1e+10	0.009515036
6.080002970133473e-09	0.6245593	-0.7399119	-0.03294564	1e+10	0.009509988
6.090010297503372e-09	0.6485039	-0.7131526	-0.03713296	1e+10	0.005872617
6.1000174716473206e-09	0.67537576	-0.68595856	-0.027412737	1e+10	-1.09777575e-05
6.11002503627099e-09	0.6968007	-0.67035997	-0.0071226344	1e+10	-0.0058905715
6.120005054312463e-09	0.70438933	-0.67156774	0.015912144	1e+10	-0.009511546
6.130012266984731e-09	0.69311774	-0.68715805	0.032623004	1e+10	-0.00950818
6.140018902407829e-09	0.66670185	-0.71079236	0.03668291	1e+10	-0.00586824
6.150025254670009e-09	0.63664305	-0.734897	0.026786169	1e+10	1.586797e-05
6.160004498855879e-09	0.61580896	-0.7517495	0.0065713553	1e+10	0.0058801393
6.170011852376763e-09	0.6118371	-0.7543698	-0.016356794	1e+10	0.009512864
6.180019343767485e-09	0.6247533	-0.73974776	-0.032974947	1e+10	0.009506802
6.1900265742061565e-09	0.6487285	-0.7129718	-0.037140552	1e+10	0.005864336
6.200006313097317e-09	0.67553824	-0.68583846	-0.02743898	1e+10	-3.966636e-06
6.2100139439224734e-09	0.6969726	-0.67020524	-0.0071480307	1e+10	-0.0058849384
6.220021429621472e-09	0.7045634	-0.6714109	0.015958458	1e+10	-0.009514717
6.230001176973153e-09	0.6932937	-0.6869726	0.03263201	1e+10	-0.009510336
6.240007730551208e-09	0.66685873	-0.71062803	0.03671385	1e+10	-0.0058739223
6.250014074006283e-09	0.6367651	-0.73476744	0.026832078	1e+10	8.842958e-06
6.2600208196451445e-09	0.6158569	-0.7516885	0.006556955	1e+10	0.0058884304
6.270000664608451e-09	0.61188966	-0.7543203	-0.016315963	1e+10	0.009510694
6.280008204151438e-09	0.624786	-0.7397345	-0.032951556	1e+10	0.009508971
6.290015366137125e-09	0.64875406	-0.71297765	-0.0371388	1e+10	0.0058700386
6.300022659975076e-09	0.67563754	-0.68577147	-0.027412433	1e+10	-1.42376775e-05
6.310002612339048e-09	0.69701076	-0.67017007	-0.007174379	1e+10	-0.0058791805
6.320010178826076e-09	0.7046146	-0.67134476	0.015937721	1e+10	-0.00951254
6.3300174097213475e-09	0.6932996	-0.686952	0.032657728	1e+10	-0.009507179
6.340024159069675e-09	0.66683453	-0.7106308	0.03672169	1e+10	-0.005865565
6.3500028844077884e-09	0.6368074	-0.73472726	0.02686758	1e+10	1.8123269e-06
6.360009738640803e-09	0.6158668	-0.7516835	0.0066028587	1e+10	0.005882802
6.370017118804433e-09	0.6118745	-0.75433767	-0.016330106	1e+10	0.009513884
6.380024667572986e-09	0.62477636	-0.73974276	-0.032951616	1e+10	0.009505765
6.390004292087639e-09	0.6486701	-0.7130659	-0.037129812	1e+10	0.0058756704
6.4000115509270236e-09	0.67555094	-0.6858536	-0.027425937	1e+10	-7.257661e-06
6.410018983893357e-09	0.69697964	-0.6702061	-0.007138851	1e+10	-0.005887498
6.420026442141848e-09	0.70455873	-0.6713985	0.015965594	1e+10	-0.009515686
6.430006210888902e-09	0.69327676	-0.68696237	0.03263703	1e+10	-0.009509359
6.440012807632744e-09	0.6668341	-0.710637	0.036719568	1e+10	-0.00587134
6.4500193435948e-09	0.6367341	-0.73480475	0.026842788	1e+10	1.2153936e-05
6.460025955762633e-09	0.6158111	-0.75175196	0.006575676	1e+10	0.0058910386
6.470005901467042e-09	0.61181384	-0.75440437	-0.016290197	1e+10	0.00951171
6.480013445388867e-09	0.62467396	-0.73983556	-0.032921337	1e+10	0.009507951
6.490020788829495e-09	0.64861465	-0.7130933	-0.0371094	1e+10	0.00586728
6.500000352473218e-09	0.67541444	-0.6859628	-0.027434153	1e+10	-2.2146546e-07
6.510007920122168e-09	0.6968547	-0.67030454	-0.0071633593	1e+10	-0.0058818776
6.520015402508005e-09	0.70446074	-0.67148113	0.015934575	1e+10	-0.009513551
6.530022720345895e-09	0.6931581	-0.687085	0.032641836	1e+10	-0.009506144
6.540001622996547e-09	0.6668017	-0.71068776	0.036709268	1e+10	-0.0058770273
6.550008044012279e-09	0.6367124	-0.73485124	0.026852876	1e+10	5.0542017e-06
6.560014776923866e-09	0.61577237	-0.7518064	0.0066021495	1e+10	0.005885361
6.5700222297701234e-09	0.6117536	-0.7544581	-0.016316716	1e+10	0.009514872
6.5800021624786026e-09	0.62456375	-0.7399245	-0.03289619	1e+10	0.0095101455
6.590009551549423e-09	0.64848024	-0.7131969	-0.037098255	1e+10	0.005872996
6.600016698316487e-09	0.6753427	-0.6860104	-0.02739616	1e+10	-1.049186e-05
6.610024309222242e-09	0.6967657	-0.67039543	-0.0071204584	1e+10	-0.0058902027
6.620004418980283e-09	0.7043532	-0.67158407	0.015906597	1e+10	-0.009511422
6.630011530515637e-09	0.69308364	-0.68717015	0.032617077	1e+10	-0.009508324
6.640018150603235e-09	0.6666706	-0.7108221	0.03668771	1e+10	-0.0058686226
6.650024555586495e-09	0.63660216	-0.7349615	0.026810452	1e+10	1.5428725e-05
6.660003877335572e-09	0.6157307	-0.75185275	0.0066154944	1e+10	0.005879823
6.6700111056069434e-09	0.61169434	-0.75451046	-0.016299546	1e+10	0.009512719
6.680018611263324e-09	0.62454075	-0.73992574	-0.032915253	1e+10	0.0095069455
6.690026004686573e-09	0.6484654	-0.713186	-0.037090134	1e+10	0.005864626
6.700005665134123e-09	0.6752523	-0.6860813	-0.027408905	1e+10	-3.5595087e-06
6.710013162635075e-09	0.69668525	-0.67046213	-0.007143903	1e+10	-0.005884541
6.720020524109638e-09	0.704291	-0.6716653	0.015938226	1e+10	-0.009514542
6.730000366329302e-09	0.69305325	-0.68720937	0.032596476	1e+10	-0.009510494
6.740006974023883e-09	0.66666186	-0.71084225	0.036677662	1e+10	-0.005874307
6.750013373590468e-09	0.63660324	-0.7349669	0.026811143	1e+10	8.402873e-06
6.760020196748533e-09	0.6156955	-0.7518822	0.0065595196	1e+10	0.005888114
6.770000112977965e-09	0.6116916	-0.7545131	-0.016292784	1e+10	0.009510587
6.7800075094135975e-09	0.6245358	-0.73993325	-0.032915697	1e+10	0.009509106
6.790014868717572e-09	0.648461	-0.7131928	-0.03710123	1e+10	0.005870292
6.8000220427170685e-09	0.67532253	-0.68601596	-0.027385678	1e+10	-1.38498435e-05
6.810001996178328e-09	0.6966963	-0.6704463	-0.0071693496	1e+10	-0.005878867
6.820009506934436e-09	0.7043204	-0.67163455	0.015916398	1e+10	-0.00951241
6.830016765593256e-09	0.6930455	-0.68722343	0.03261537	1e+10	-0.009507305
6.840023391396765e-09	0.6666355	-0.71086013	0.036670446	1e+10	-0.0058659557
6.850002300534038e-09	0.6366589	-0.73491246	0.026822189	1e+10	1.4454681e-06
6.860008930910402e-09	0.6157445	-0.7518313	0.0065745963	1e+10	0.0058823912
6.870016454083834e-09	0.6117494	-0.75445557	-0.016340181	1e+10	0.009513754
6.880023923912111e-09	0.62463427	-0.73984075	-0.032946043	1e+10	0.009505909
6.890003600873464e-09	0.648509	-0.71316236	-0.03711382	1e+10	0.005876022
6.900010866125457e-09	0.67537737	-0.68597335	-0.027407877	1e+10	-6.8273876e-06
6.910018395966882e-09	0.696805	-0.67036355	-0.007130076	1e+10	-0.0058871997
6.9200259234082155e-09	0.70439494	-0.67157936	0.0159573	1e+10	-0.009515586
6.930005630974765e-09	0.6931353	-0.68713427	0.032611966	1e+10	-0.009509471
6.940012165841097e-09	0.66672415	-0.7107727	0.036682818	1e+10	-0.0058716666
6.950018598611478e-09	0.6366583	-0.73489463	0.02680165	1e+10	1.1685849e-05
6.960025481700565e-09	0.6157647	-0.75179917	0.006537028	1e+10	0.005890798
6.970005210982534e-09	0.61179256	-0.7544142	-0.01631956	1e+10	0.009511576
6.980012647208026e-09	0.62467134	-0.73981845	-0.03293858	1e+10	0.009508107
6.990020049802611e-09	0.64862126	-0.71306586	-0.03711415	1e+10	0.0058676563
7.000027208320253e-09	0.6754915	-0.6858829	-0.027385123	1e+10	-1.7095483e-05
7.010007126122463e-09	0.69685864	-0.6703119	-0.0071557914	1e+10	-0.0058814744
7.02001471399727e-09	0.7044624	-0.67150474	0.015938494	1e+10	-0.009513418
7.030021896027375e-09	0.69315785	-0.68710697	0.032638554	1e+10	-0.009506305
7.040001093534284e-09	0.66680074	-0.71069354	0.036696505	1e+10	-0.0058772964
7.050007556616835e-09	0.63671994	-0.73483074	0.026828682	1e+10	4.747962e-06
7.060014284320747e-09	0.6158049	-0.751757	0.006569548	1e+10	0.005885111
7.070021634460064e-09	0.6118256	-0.75438213	-0.016350301	1e+10	0.0095147565
7.080001492751649e-09	0.6246756	-0.7398268	-0.0329246	1e+10	0.009510275
7.090008907939889e-09	0.6486198	-0.71308386	-0.03711787	1e+10	0.0058733234
7.100016034485725e-09	0.6754934	-0.68588996	-0.027404698	1e+10	-1.0074763e-05
7.110023558294159e-09	0.6969154	-0.6702728	-0.007118666	1e+10	-0.0058898213
7.120003548325213e-09	0.7044927	-0.6714613	0.015915751	1e+10	-0.009511254
7.130010805824703e-09	0.69320476	-0.6870514	0.03262962	1e+10	-0.0095084645
7.140017485771905e-09	0.66677034	-0.7107095	0.036696874	1e+10	-0.0058689606
7.150023707180123e-09	0.63668996	-0.734851	0.02681007	1e+10	1.4895655e-05
7.1600029562866705e-09	0.6158275	-0.75174	0.00660404	1e+10	0.005879355
7.170010419910698e-09	0.6118198	-0.75439256	-0.016318418	1e+10	0.0095125865
7.180017957465233e-09	0.6247	-0.7398004	-0.03293585	1e+10	0.009507072
7.190025266554539e-09	0.6486506	-0.7130499	-0.037108436	1e+10	0.0058650016
7.200004908429466e-09	0.6754505	-0.6859292	-0.027420485	1e+10	-3.0840572e-06
7.210012409336676e-09	0.69688356	-0.6702915	-0.007144723	1e+10	-0.0058841584
7.220020007568687e-09	0.70447683	-0.6714841	0.01594945	1e+10	-0.009514443
7.230027430929959e-09	0.6931598	-0.68709326	0.032646358	1e+10	-0.009505225
7.240006539565515e-09	0.66679496	-0.71069145	0.036700208	1e+10	-0.0058745276
7.250012772413542e-09	0.63671124	-0.73484135	0.026830755	1e+10	8.025143e-06
7.2600194907035964e-09	0.6157917	-0.7517775	0.00657238	1e+10	0.0058877557
7.2700269023447926e-09	0.61180305	-0.75440747	-0.016344596	1e+10	0.009515775
7.280006847691656e-09	0.62464094	-0.7398549	-0.032914482	1e+10	0.009509235
7.290014151321245e-09	0.6485747	-0.71311724	-0.037103683	1e+10	0.0058706566
7.3000212175969525e-09	0.67544186	-0.68593156	-0.027389215	1e+10	-1.3331405e-05
7.310001274522134e-09	0.69681513	-0.6703436	-0.007169109	1e+10	-0.0058785
7.32000889288701e-09	0.7044306	-0.67151946	0.015923409	1e+10	-0.00951229
7.330016196482874e-09	0.6931399	-0.6871135	0.03262897	1e+10	-0.009507416
7.340022778381116e-09	0.66670984	-0.71077204	0.036689818	1e+10	-0.0058662677
7.350001579376835e-09	0.63671154	-0.7348535	0.026845537	1e+10	9.923517e-07
7.360008441360654e-09	0.6157754	-0.7518004	0.0065982305	1e+10	0.0058821426
7.370015786633989e-09	0.6117604	-0.75444835	-0.01631775	1e+10	0.009513626
7.3800231897038824e-09	0.62462765	-0.73985326	-0.0329272	1e+10	0.009506052
7.390003040419613e-09	0.6484926	-0.7131872	-0.037101053	1e+10	0.005876307
7.4000101936145925e-09	0.6753576	-0.686	-0.027402291	1e+10	-6.4048363e-06
7.410017655367807e-09	0.69678485	-0.67038125	-0.0071297656	1e+10	-0.0058868234
7.420025132847326e-09	0.7043749	-0.6715874	0.015955195	1e+10	-0.009515434
7.430004820840709e-09	0.6931162	-0.6871401	0.032610152	1e+10	-0.009509629
7.440011548383245e-09	0.6667057	-0.7107865	0.036685105	1e+10	-0.005871981
7.45001794803766e-09	0.6366368	-0.73492336	0.026811276	1e+10	1.1277082e-05
7.460024784193445e-09	0.6157294	-0.75184494	0.006554357	1e+10	0.005890444
7.470004521783487e-09	0.6117319	-0.75447613	-0.016297588	1e+10	0.009511443
7.480012105166471e-09	0.62458247	-0.7398945	-0.032916214	1e+10	0.009508212
7.490019415060807e-09	0.6485114	-0.71315455	-0.037095588	1e+10	0.005867979
7.500026612940373e-09	0.6753731	-0.6859799	-0.027374512	1e+10	-1.6721397e-05
7.510006642682989e-09	0.69674116	-0.6704122	-0.00715454	1e+10	-0.0058812285
7.520014036410299e-09	0.7043522	-0.6716037	0.0159303	1e+10	-0.009513287
7.530021417075056e-09	0.69306165	-0.6871998	0.032624792	1e+10	-0.009506398
7.540000428259972e-09	0.66672367	-0.7107779	0.03668279	1e+10	-0.005877635
7.550006645902304e-09	0.6366577	-0.73491013	0.026822278	1e+10	4.1757435e-06
7.56001346474852e-09	0.61574036	-0.75183666	0.0065731313	1e+10	0.005884695
7.570020935146172e-09	0.6117422	-0.7544631	-0.016338836	1e+10	0.009514621
7.580000838799272e-09	0.6245676	-0.7399108	-0.032908764	1e+10	0.009510403
7.590008120242688e-09	0.6484914	-0.71317554	-0.037101682	1e+10	0.005873724
7.60001523634431e-09	0.6753552	-0.6859942	-0.027393183	1e+10	-9.573276e-06
7.610022751116867e-09	0.69677764	-0.6703914	-0.0071161864	1e+10	-0.0058894116
7.620002799332641e-09	0.70436436	-0.671587	0.015907723	1e+10	-0.0095111085
7.630010238332244e-09	0.6930933	-0.687171	0.032613434	1e+10	-0.009508575
7.64001680696912e-09	0.6666814	-0.710812	0.03667737	1e+10	-0.0058693057
7.650023208748503e-09	0.6366199	-0.7349361	0.026793273	1e+10	1.45824815e-05
7.660002366407725e-09	0.6157656	-0.7518106	0.0065943305	1e+10	0.0058790552
7.670009856068421e-09	0.61175364	-0.7544521	-0.016320849	1e+10	0.009512477
7.680017322429944e-09	0.62462413	-0.7398532	-0.032932118	1e+10	0.009507196
7.690024499140868e-09	0.64856464	-0.71310407	-0.0371008	1e+10	0.0058653923
7.700004222704977e-09	0.67535853	-0.68599427	-0.027412558	1e+10	-2.6532039e-06
7.710011646903375e-09	0.6967911	-0.67037356	-0.007141469	1e+10	-0.0058837715
7.720019244291366e-09	0.7043904	-0.6715764	0.01594524	1e+10	-0.009514295
7.730026515533673e-09	0.69308484	-0.68718046	0.032634977	1e+10	-0.009505403
7.740005677061117e-09	0.6667346	-0.71076196	0.03668417	1e+10	-0.0058749663
7.750012068272229e-09	0.63666594	-0.73489153	0.026812742	1e+10	7.5827184e-06
7.760018788124776e-09	0.61575973	-0.75180876	0.006555616	1e+10	0.005887399
7.770026339071335e-09	0.6117821	-0.75442266	-0.016358161	1e+10	0.009515666
7.780006152110178e-09	0.6246278	-0.73985815	-0.032923084	1e+10	0.00950937
7.790013466470222e-09	0.64856523	-0.713115	-0.037107293	1e+10	0.0058710054
7.800020683024529e-09	0.67543304	-0.6859322	-0.027388606	1e+10	-1.2995524e-05
7.810000546886942e-09	0.69680595	-0.6703538	-0.007167615	1e+10	-0.0058781304
7.820008034085159e-09	0.7044225	-0.6715358	0.015923288	1e+10	-0.009512124
7.830015299473339e-09	0.6931337	-0.6871283	0.032626275	1e+10	-0.00950759
7.840022018652286e-09	0.66670585	-0.7107784	0.036683425	1e+10	-0.005866654
7.85000087239984e-09	0.636713	-0.7348472	0.026834518	1e+10	5.48145e-07
7.860007596081379e-09	0.6157889	-0.75178087	0.0065839984	1e+10	0.0058817132
7.87001498834015e-09	0.6117909	-0.7544168	-0.01633302	1e+10	0.009513471
7.880022428600144e-09	0.6246755	-0.73981136	-0.032941	1e+10	0.009506201
7.890002304901372e-09	0.6485524	-0.7131369	-0.03711136	1e+10	0.005876681
7.90000934522848e-09	0.6754222	-0.6859455	-0.027407771	1e+10	-5.87178e-06
7.910016947469723e-09	0.6968502	-0.67032516	-0.0071299127	1e+10	-0.005886464
7.920024610424774e-09	0.7044369	-0.67153215	0.015959473	1e+10	-0.009515332
7.93000421929425e-09	0.6931712	-0.6870872	0.032616235	1e+10	-0.009509746
7.940010882289283e-09	0.6667518	-0.7107361	0.03669018	1e+10	-0.0058723195
7.950017246369686e-09	0.6366769	-0.7348738	0.026812349	1e+10	1.0836212e-05
7.960024072643987e-09	0.6157723	-0.7517944	0.006550249	1e+10	0.0058900826
7.970003806288436e-09	0.6117864	-0.75442356	-0.016305415	1e+10	0.009511304
7.980011236760151e-09	0.6246512	-0.7398392	-0.032925446	1e+10	0.009508381
7.990018628067262e-09	0.64859164	-0.7130944	-0.037104484	1e+10	0.0058683795
8.00002585727709e-09	0.6754592	-0.6859127	-0.027380487	1e+10	-1.6246599e-05
8.010005823709262e-09	0.6968275	-0.6703373	-0.0071556317	1e+10	-0.0058808126
8.020013456904703e-09	0.70443356	-0.6715249	0.015935494	1e+10	-0.009513174
8.030020689764106e-09	0.6931329	-0.6871244	0.03263423	1e+10	-0.00950654
8.04002726736522e-09	0.66669744	-0.71078163	0.036685668	1e+10	-0.005863983
8.05000611298495e-09	0.6367024	-0.7348561	0.026832078	1e+10	3.8409016e-06
8.060012872401962e-09	0.61577934	-0.7517916	0.0065792813	1e+10	0.005884394
8.07002027214598e-09	0.6117823	-0.75442547	-0.016336342	1e+10	0.009514494
8.080000268649756e-09	0.6246122	-0.739878	-0.032909457	1e+10	0.009510513
8.090007422683282e-09	0.6485405	-0.7131437	-0.03710453	1e+10	0.0058740787
8.100014565037884e-09	0.67540765	-0.6859572	-0.027396603	1e+10	-9.151482e-06
8.110022170756824e-09	0.6968305	-0.67034507	-0.0071173785	1e+10	-0.005889117
8.120002089233432e-09	0.7044139	-0.6715342	0.015910026	1e+10	-0.009510971
8.130009504331722e-09	0.69313675	-0.68711984	0.032619625	1e+10	-0.009508718
8.140016239921125e-09	0.6667153	-0.71077096	0.03668672	1e+10	-0.0058695944
8.150022547882747e-09	0.63664424	-0.7349078	0.026804296	1e+10	1.4167248e-05
8.160001878587018e-09	0.6157806	-0.751795	0.0066047637	1e+10	0.0058788075
8.170009194511543e-09	0.6117611	-0.7544472	-0.016311603	1e+10	0.009512349
8.180016677130464e-09	0.6246252	-0.7398567	-0.0329255	1e+10	0.009507322
8.190023848192504e-09	0.64856225	-0.7131118	-0.037097536	1e+10	0.0058657234
8.200003524808869e-09	0.67535573	-0.68600047	-0.027412597	1e+10	-2.2147028e-06
8.210011002887902e-09	0.69678915	-0.6703735	-0.0071430393	1e+10	-0.005883444
8.220018581241346e-09	0.7043892	-0.671571	0.015943786	1e+10	-0.009514166
8.230025920472723e-09	0.69308424	-0.6871746	0.032634962	1e+10	-0.00950552
8.240004872846602e-09	0.66673464	-0.7107599	0.036686826	1e+10	-0.005875375
8.250011249494673e-09	0.63666356	-0.73489714	0.026819255	1e+10	7.0682654e-06
8.260018108670671e-09	0.61574966	-0.7518235	0.0065650214	1e+10	0.005887054
8.270025581643758e-09	0.6117599	-0.7544459	-0.016347412	1e+10	0.00951552
8.280005390529127e-09	0.62459296	-0.73988867	-0.03291331	1e+10	0.009509518
8.290012792289814e-09	0.64852154	-0.7131506	-0.037100263	1e+10	0.005871348
8.30001993564608e-09	0.6753858	-0.68597054	-0.027385594	1e+10	-1.2525933e-05
8.31002746779774e-09	0.69680333	-0.6703718	-0.007104329	1e+10	-0.005891806
8.32000734932271e-09	0.70438	-0.6715729	0.015919426	1e+10	-0.009511991
8.33001475365491e-09	0.6930973	-0.6871631	0.032621253	1e+10	-0.009507696
8.34002138792737e-09	0.6666768	-0.71081066	0.036679458	1e+10	-0.0058669755
8.350000193662417e-09	0.63668853	-0.73487896	0.026834209	1e+10	1.2168168e-07
8.36000682887437e-09	0.6157614	-0.7518141	0.006588206	1e+10	0.005881323
8.370014263107092e-09	0.61175334	-0.7544527	-0.016326081	1e+10	0.009513331
8.380021715950502e-09	0.62462616	-0.73985016	-0.032933258	1e+10	0.00950634
8.39000154639778e-09	0.64849377	-0.71317995	-0.03710459	1e+10	0.0058770664
8.40000866452405e-09	0.67535955	-0.6859933	-0.027403735	1e+10	-5.4440807e-06
8.410016245171487e-09	0.6967881	-0.6703783	-0.0071300324	1e+10	-0.005886107
8.420023771290538e-09	0.7043795	-0.6715874	0.01595487	1e+10	-0.00951517
8.43000357299518e-09	0.69312185	-0.6871394	0.032609202	1e+10	-0.009509871
8.44001016799155e-09	0.66671234	-0.71078116	0.036682595	1e+10	-0.0058726827
8.450016550725506e-09	0.6366454	-0.7349116	0.026806682	1e+10	1.0399126e-05
8.460023262394766e-09	0.6157432	-0.7518269	0.006548056	1e+10	0.005889671
8.470003217568757e-09	0.6117543	-0.75445276	-0.016305361	1e+10	0.00951119
8.480010674684272e-09	0.6246142	-0.7398664	-0.032923594	1e+10	0.009508491
8.49001801586057e-09	0.64855	-0.7131222	-0.037101768	1e+10	0.005868691
8.500025123642413e-09	0.67541474	-0.68594486	-0.027378548	1e+10	-1.5785643e-05
8.510005077012995e-09	0.69678354	-0.67037535	-0.0071559977	1e+10	-0.005880433
8.520012504924777e-09	0.70439357	-0.67156583	0.015931776	1e+10	-0.00951299
8.53001995292873e-09	0.69309926	-0.6871629	0.03262865	1e+10	-0.009506684
8.540026565263487e-09	0.66667116	-0.71081257	0.03667879	1e+10	-0.005864341
8.550005345516724e-09	0.63668334	-0.73487794	0.02682517	1e+10	3.358687e-06
8.56001214071256e-09	0.61576545	-0.75180584	0.0065732226	1e+10	0.005884022
8.570019581151425e-09	0.6117722	-0.7544336	-0.016341235	1e+10	0.00951436
8.580027109180388e-09	0.6246588	-0.73982036	-0.032943398	1e+10	0.009505288
8.590006765597773e-09	0.6485343	-0.7131446	-0.03710672	1e+10	0.005874413
8.600014074977444e-09	0.67540205	-0.6859583	-0.027397338	1e+10	-8.843568e-06
8.610021526425955e-09	0.696825	-0.67034966	-0.0071179904	1e+10	-0.0058887894
8.620001426169329e-09	0.70440996	-0.6715411	0.015909081	1e+10	-0.009510842
8.630008668338558e-09	0.6931349	-0.6871257	0.03261798	1e+10	-0.009508881
8.640015462441755e-09	0.66671526	-0.7107729	0.036684357	1e+10	-0.0058699897
8.650021823787713e-09	0.63664633	-0.7349043	0.02680062	1e+10	1.3712286e-05
8.660001057111838e-09	0.61578697	-0.7517861	0.0066000763	1e+10	0.00587839
8.670008478135167e-09	0.6117737	-0.754434	-0.016317222	1e+10	0.00951221
8.680015917966362e-09	0.62464446	-0.7398397	-0.032931075	1e+10	0.00950747
8.690023244408757e-09	0.6485868	-0.71309114	-0.037102316	1e+10	0.0058660307
8.700002798938313e-09	0.675382	-0.68597806	-0.027415806	1e+10	-1.7586248e-06
8.710010378175864e-09	0.6968162	-0.67035	-0.0071440265	1e+10	-0.0058831265
8.720017824691864e-09	0.7044155	-0.67154753	0.01594451	1e+10	-0.00951402
8.730025203225974e-09	0.69310844	-0.6871518	0.03263734	1e+10	-0.009505659
8.74000419420311e-09	0.6667551	-0.710738	0.036689524	1e+10	-0.00587572
8.750010692747792e-09	0.63668054	-0.7348758	0.02682046	1e+10	6.718451e-06
8.760017336568724e-09	0.6157677	-0.7518016	0.0065644477	1e+10	0.0058866614
8.770024755717458e-09	0.6117824	-0.75442386	-0.016349869	1e+10	0.00951536
8.78000475207888e-09	0.6246216	-0.7398658	-0.032917432	1e+10	0.009509642
8.790012040104532e-09	0.6485551	-0.71312606	-0.037104815	1e+10	0.0058717304
8.80001921305607e-09	0.6754221	-0.6859425	-0.0273894	1e+10	-1.2071916e-05
8.81002668222137e-09	0.69684017	-0.67033947	-0.0071062353	1e+10	-0.0058914074
8.82000675537681e-09	0.7044155	-0.671538	0.015920786	1e+10	-0.009511876
8.830014013758771e-09	0.6931294	-0.68712914	0.03262499	1e+10	-0.0095078405
8.840020643435525e-09	0.66670346	-0.7107807	0.036684748	1e+10	-0.005867354
8.850027110780347e-09	0.6366339	-0.73491395	0.026794985	1e+10	1.7034197e-05
8.860006229983712e-09	0.6157794	-0.75179327	0.0065915007	1e+10	0.005881019
8.870013545409372e-09	0.6117718	-0.75443566	-0.01632455	1e+10	0.009513192
8.880021090776027e-09	0.6246468	-0.73983556	-0.032933876	1e+10	0.009506462
8.890000803895342e-09	0.6485166	-0.71316576	-0.037106838	1e+10	0.005877444
8.900007947988069e-09	0.6753843	-0.68597573	-0.027406717	1e+10	-4.993868e-06
8.91001544285642e-09	0.69681334	-0.6703553	-0.007132364	1e+10	-0.0058856998
8.920023118731039e-09	0.70440435	-0.6715606	0.015955025	1e+10	-0.009515044
8.930002916215296e-09	0.69314456	-0.68711317	0.0326118	1e+10	-0.009509998
8.940009550069048e-09	0.66673124	-0.7107593	0.03668727	1e+10	-0.005872997
8.950015947304442e-09	0.6366594	-0.7348959	0.026812473	1e+10	1.0019985e-05
8.960022560342393e-09	0.61575294	-0.75181705	0.006554013	1e+10	0.0058893147
8.970002461529416e-09	0.61175996	-0.7544485	-0.016300382	1e+10	0.009511043
8.980010004339642e-09	0.624617	-0.73986644	-0.032920647	1e+10	0.009508621
8.990017272572428e-09	0.6485512	-0.71312445	-0.03710104	1e+10	0.005869069
9.000024341208063e-09	0.67541593	-0.68594563	-0.027379863	1e+10	-1.5294027e-05
9.010004285213318e-09	0.69678557	-0.6703721	-0.0071581556	1e+10	-0.005880031
9.020011873648452e-09	0.7043968	-0.6715595	0.01593052	1e+10	-0.009512868
9.030019131351373e-09	0.6931035	-0.6871557	0.03262855	1e+10	-0.009506844
9.040025656306631e-09	0.66667557	-0.71080744	0.036680926	1e+10	-0.005864803
9.050004633300754e-09	0.63668525	-0.73487735	0.026829429	1e+10	2.9111886e-06
9.060011447420726e-09	0.61576295	-0.7518101	0.0065789195	1e+10	0.00588367
9.070018976188966e-09	0.6117636	-0.7544426	-0.016335594	1e+10	0.009514242
9.08002650678293e-09	0.6246443	-0.73983335	-0.032938797	1e+10	0.009505405
9.090006102478226e-09	0.64851564	-0.71316046	-0.03710397	1e+10	0.00587475
9.100013303898259e-09	0.6753818	-0.6859752	-0.02739706	1e+10	-8.359085e-06
9.110020728303143e-09	0.69680566	-0.67036545	-0.007119779	1e+10	-0.0058883843
9.120000694685049e-09	0.70439297	-0.6715553	0.015906462	1e+10	-0.0095107
9.130007922651777e-09	0.6931213	-0.6871383	0.03261552	1e+10	-0.009509026
9.140014512487791e-09	0.6667056	-0.7107841	0.03668335	1e+10	-0.005870473
9.15002094111593e-09	0.63663775	-0.7349161	0.026802022	1e+10	1.3157687e-05
9.16000017230783e-09	0.6157758	-0.75179964	0.0066037048	1e+10	0.00587794
9.170007631268896e-09	0.61175704	-0.7544501	-0.016312739	1e+10	0.009512045
9.18001514650358e-09	0.62462187	-0.73985815	-0.032927107	1e+10	0.00950762
9.19002248016995e-09	0.6485599	-0.71311176	-0.03709967	1e+10	0.0058664195
9.200002033981425e-09	0.67535347	-0.6860003	-0.027415147	1e+10	-1.2779882e-06
9.210009571678589e-09	0.6967884	-0.6703733	-0.007145618	1e+10	-0.0058827167
9.220017186234584e-09	0.70439076	-0.67157066	0.015941687	1e+10	-0.009513897
9.230024461580642e-09	0.6930882	-0.6871729	0.03263373	1e+10	-0.009505805
9.240003355055828e-09	0.66674006	-0.7107557	0.03668654	1e+10	-0.0058761467
9.250009791473525e-09	0.636669	-0.7348907	0.026819251	1e+10	6.1521637e-06
9.260016585137927e-09	0.61575586	-0.7518153	0.006564767	1e+10	0.00588628
9.27002393245369e-09	0.6117681	-0.7544372	-0.016348358	1e+10	0.009515201
9.280003857545158e-09	0.62460405	-0.73987955	-0.032915797	1e+10	0.009509816
9.290011241534407e-09	0.6485352	-0.7131402	-0.037103854	1e+10	0.005872137
9.300018465047146e-09	0.67540133	-0.6859576	-0.027389448	1e+10	-1.1601928e-05
9.310025849556938e-09	0.69682	-0.67035633	-0.0071078306	1e+10	-0.0058909846
9.320005916254326e-09	0.70439804	-0.67155534	0.015918065	1e+10	-0.009511713
9.330013267803436e-09	0.6931158	-0.6871449	0.03262202	1e+10	-0.009507986
9.340019881568392e-09	0.66669357	-0.7107929	0.036681987	1e+10	-0.0058677415
9.350026312000418e-09	0.6366271	-0.7349225	0.026792971	1e+10	1.6532309e-05
9.360005565966364e-09	0.6157738	-0.75179935	0.0065900004	1e+10	0.0058806813
9.370012986481607e-09	0.61176705	-0.75443965	-0.016325818	1e+10	0.009513084
9.380020425223308e-09	0.62464213	-0.73983836	-0.032934822	1e+10	0.009506592
9.390000157175659e-09	0.648512	-0.7131677	-0.037107807	1e+10	0.005877773
9.400007333685975e-09	0.67537975	-0.6859778	-0.027407695	1e+10	-4.607891e-06
9.410014675176258e-09	0.69680923	-0.67035854	-0.007133865	1e+10	-0.0058853095
9.420022320920413e-09	0.7044019	-0.6715641	0.01595341	1e+10	-0.00951489
9.430002129621336e-09	0.69314396	-0.6871156	0.03261055	1e+10	-0.009510152
9.440008666472158e-09	0.6667324	-0.7107595	0.036686428	1e+10	-0.0058734464
9.450015085864544e-09	0.63666135	-0.7348938	0.02681184	1e+10	9.4787265e-06
9.460021879808709e-09	0.6157555	-0.7518134	0.0065528513	1e+10	0.0058889687
9.470001891815685e-09	0.6117645	-0.7544435	-0.016302163	1e+10	0.0095109325
9.48000916529784e-09	0.6246235	-0.7398609	-0.032922454	1e+10	0.009508784
9.490016582933991e-09	0.6485598	-0.7131174	-0.037103266	1e+10	0.00586942
9.500023712753416e-09	0.6754257	-0.6859374	-0.027381845	1e+10	-1.4899157e-05
9.510003711411251e-09	0.696796	-0.670363	-0.007159431	1e+10	-0.005879739
9.520011372544778e-09	0.70440745	-0.6715499	0.015930315	1e+10	-0.009512771
9.530018473718041e-09	0.69311404	-0.6871458	0.032629073	1e+10	-0.009506972
9.540025097356489e-09	0.66668475	-0.71079785	0.036682077	1e+10	-0.0058650877
9.55000392168564e-09	0.63669366	-0.73486745	0.02683061	1e+10	2.4640676e-06
9.560010679475231e-09	0.6157712	-0.75180024	0.0065795677	1e+10	0.0058832797
9.570018105786798e-09	0.61177313	-0.75443333	-0.016335709	1e+10	0.009514075
9.580025546448222e-09	0.62465566	-0.73982483	-0.03294001	1e+10	0.009505593
9.59000529269685e-09	0.6485293	-0.7131511	-0.037106294	1e+10	0.005875162
9.600012484801298e-09	0.67539674	-0.68596375	-0.02739973	1e+10	-7.844431e-06
9.610020104293376e-09	0.69682163	-0.6703511	-0.007121439	1e+10	-0.005888067
9.6200000828782e-09	0.70440906	-0.67153937	0.015906194	1e+10	-0.009510581
9.630007318467214e-09	0.69313645	-0.68712234	0.0326168	1e+10	-0.009509143
9.640013899807327e-09	0.66671866	-0.7107698	0.036685754	1e+10	-0.0058707846
9.650020434541018e-09	0.63664806	-0.7349041	0.02680456	1e+10	1.2839398e-05
9.660027070546092e-09	0.6157489	-0.7518192	0.0065423553	1e+10	0.0058916043
9.670007017734654e-09	0.6117658	-0.754442	-0.016311537	1e+10	0.009511927
9.680014423586944e-09	0.62463117	-0.73985183	-0.03292705	1e+10	0.00950776
9.690021754128285e-09	0.64857006	-0.7131058	-0.037100967	1e+10	0.005866789
9.700001383276196e-09	0.6753648	-0.68599224	-0.027417153	1e+10	-8.691381e-07
9.710008906204854e-09	0.69680035	-0.6703623	-0.0071474644	1e+10	-0.0058823787
9.720016546309896e-09	0.7044031	-0.67155755	0.015941007	1e+10	-0.009513773
9.730023829133436e-09	0.69310004	-0.68715954	0.03263461	1e+10	-0.009505928
9.740002719136535e-09	0.66675043	-0.71074426	0.036688883	1e+10	-0.0058764704
9.750009092255026e-09	0.63667715	-0.7348819	0.026822662	1e+10	5.712832e-06
9.760015964041105e-09	0.6157613	-0.75180984	0.006568216	1e+10	0.0058859643
9.770023366003444e-09	0.6117712	-0.7544347	-0.016345657	1e+10	0.009515092
9.7800032617924e-09	0.62460566	-0.7398794	-0.03291423	1e+10	0.009509931
9.790010629254252e-09	0.6485361	-0.71314126	-0.03710373	1e+10	0.005872448
9.800017699488406e-09	0.675402	-0.68595815	-0.027390813	1e+10	-1.1120915e-05
9.810025273998705e-09	0.69682163	-0.67035425	-0.007109382	1e+10	-0.0058906926
9.820005302822299e-09	0.70440054	-0.6715512	0.015916811	1e+10	-0.009511595
9.830012525748632e-09	0.6931193	-0.68714	0.032621678	1e+10	-0.00950813
9.840019028694801e-09	0.66669774	-0.71078867	0.036683254	1e+10	-0.0058681755
9.850025525246211e-09	0.63662976	-0.73492056	0.026795797	1e+10	1.6037979e-05
9.860004744657678e-09	0.6157739	-0.75180006	0.006593841	1e+10	0.005880264
9.870012167377667e-09	0.6117634	-0.75444347	-0.016322099	1e+10	0.009512925
9.88001969816764e-09	0.62463546	-0.7398448	-0.032932304	1e+10	0.009506733
9.89002692426474e-09	0.648577	-0.7130954	-0.037098803	1e+10	0.005864158
9.900006502738654e-09	0.6753705	-0.6859859	-0.027408494	1e+10	-4.0857913e-06
9.910014046015087e-09	0.69680107	-0.670365	-0.007135413	1e+10	-0.00588499
9.920021593122962e-09	0.7043953	-0.67156917	0.015951352	1e+10	-0.009514749
9.930001381495416e-09	0.6931395	-0.6871195	0.03260905	1e+10	-0.009510297
9.940007874181856e-09	0.6667298	-0.71076286	0.03668622	1e+10	-0.005873849
9.950014398751774e-09	0.6366588	-0.7348978	0.02681308	1e+10	9.047001e-06
9.960021244976596e-09	0.6157514	-0.7518188	0.0065551605	1e+10	0.0058886465
9.970001040269104e-09	0.61175734	-0.7544507	-0.016299065	1e+10	0.009510767
9.980008435388135e-09	0.62461317	-0.7398697	-0.032920226	1e+10	0.009508926
9.990015827907877e-09	0.6485473	-0.7131276	-0.03710225	1e+10	0.005869804
1.0000022931219672e-08	0.6754124	-0.68594795	-0.027382338	1e+10	-1.4408105e-05
1.0010002876734568e-08	0.6967833	-0.6703732	-0.007161334	1e+10	-0.0058793146
1.002001047520304e-08	0.70439714	-0.67155915	0.0159277	1e+10	-0.009512597
1.0030017843365435e-08	0.6931062	-0.68715405	0.032627158	1e+10	-0.0095070945
1.0040024431830221e-08	0.6666794	-0.71080446	0.036680937	1e+10	-0.0058654263
1.0050003074177034e-08	0.6366901	-0.73487276	0.026830941	1e+10	1.9315623e-06
1.0060009919996157e-08	0.6157667	-0.7518057	0.0065808767	1e+10	0.0058828937
1.007001740049429e-08	0.6117667	-0.7544395	-0.016334143	1e+10	0.009513938
1.0080024813985945e-08	0.62464714	-0.7398318	-0.032938775	1e+10	0.009505736
1.0090004541246565e-08	0.6485192	-0.71315867	-0.037105907	1e+10	0.0058755437
1.0100011855950672e-08	0.67538655	-0.68597144	-0.027400203	1e+10	-7.4493128e-06
1.0110019345292988e-08	0.69681185	-0.67035913	-0.007123074	1e+10	-0.0058876816
1.0120026867689234e-08	0.70439667	-0.67157227	0.015962766	1e+10	-0.009515768
1.01300065227383e-08	0.69313115	-0.68712854	0.032614946	1e+10	-0.009509298
1.0140013163953506e-08	0.66671544	-0.71077436	0.036684666	1e+10	-0.005871159
1.0150019617067771e-08	0.6366461	-0.73490703	0.026804486	1e+10	1.2325764e-05
1.0160026327896719e-08	0.61574674	-0.7518217	0.006542853	1e+10	0.0058912276
1.0170006192338405e-08	0.6117629	-0.7544445	-0.016310735	1e+10	0.009511767
1.0180013607608556e-08	0.6246275	-0.73985475	-0.032926764	1e+10	0.00950792
1.0190021015040255e-08	0.64856625	-0.71310854	-0.037101436	1e+10	0.005867165
1.0200000583315675e-08	0.67536074	-0.6859951	-0.027418392	1e+10	-3.6650806e-07
1.021000809151986e-08	0.696797	-0.6703648	-0.007149252	1e+10	-0.0058819647
1.022001556214051e-08	0.7044013	-0.6715591	0.015938882	1e+10	-0.009513582
1.0230022901093991e-08	0.69310033	-0.68716	0.03263333	1e+10	-0.009506109
1.0240002023236814e-08	0.6667513	-0.71074414	0.036688518	1e+10	-0.005876824
1.0250008438826338e-08	0.6366783	-0.7348808	0.02682276	1e+10	5.302271e-06
1.026001523636567e-08	0.6157626	-0.75180817	0.006568677	1e+10	0.005885595
1.0270022618371462e-08	0.61177266	-0.75443316	-0.016345374	1e+10	0.009514947
1.0280002508121733e-08	0.62460726	-0.7398783	-0.03291457	1e+10	0.0095100785
1.029000982907165e-08	0.64853805	-0.71314	-0.037104834	1e+10	0.005872855
1.030001698707638e-08	0.67540455	-0.68595594	-0.02739239	1e+10	-1.0673293e-05
1.0310024456270624e-08	0.6968249	-0.670351	-0.007111297	1e+10	-0.005890277
1.0320004500545599e-08	0.704405	-0.6715469	0.015915409	1e+10	-0.009511438
1.0330011751627496e-08	0.69312465	-0.687135	0.032621283	1e+10	-0.009508281
1.0340018456598273e-08	0.66670257	-0.7107839	0.036683764	1e+10	-0.0058684666
1.0350024835174287e-08	0.63663435	-0.7349155	0.02679683	1e+10	1.5604393e-05
1.0360003947247348e-08	0.61577815	-0.7517953	0.0065951184	1e+10	0.005879859
1.0370011403216942e-08	0.6117674	-0.7544397	-0.01632139	1e+10	0.0095127765
1.03800188209026e-08	0.62463963	-0.739842	-0.032932363	1e+10	0.0095069045
1.0390026200479742e-08	0.64858204	-0.7130924	-0.037099954	1e+10	0.005864526
1.0400005697514425e-08	0.6753759	-0.6859819	-0.027410386	1e+10	-3.579854e-06
1.0410013354727113e-08	0.69680744	-0.670359	-0.0071371254	1e+10	-0.005884639
1.0420020931644337e-08	0.70440245	-0.6715618	0.015950378	1e+10	-0.009514621
1.0430000648395532e-08	0.69314724	-0.68711156	0.032609075	1e+10	-0.009510439
1.0440007268008803e-08	0.6667367	-0.7107556	0.036687355	1e+10	-0.0058741574
1.0450013705604218e-08	0.63666475	-0.7348914	0.026814928	1e+10	8.611484e-06
1.0460020294339757e-08	0.6157564	-0.7518134	0.0065576728	1e+10	0.0058881636
1.0470000164124077e-08	0.61176103	-0.7544473	-0.0162973	1e+10	0.009510597
1.048000769091811e-08	0.6246166	-0.7398677	-0.032919772	1e+10	0.009509071
1.0490015031133551e-08	0.6485508	-0.71312606	-0.037102986	1e+10	0.005870209
1.0500022153322756e-08	0.6754164	-0.68594533	-0.027384022	1e+10	-1.3919339e-05
1.051000209748541e-08	0.6967882	-0.67036855	-0.007163275	1e+10	-0.005878919
1.0520009708457906e-08	0.7044029	-0.6715526	0.015926385	1e+10	-0.009512449
1.0530017087096003e-08	0.6931126	-0.68714696	0.032627042	1e+10	-0.009507242
1.0540023575510679e-08	0.666686	-0.7107978	0.036682174	1e+10	-0.005865862
1.0550002360308118e-08	0.6366949	-0.73486775	0.0268331	1e+10	1.4830254e-06
1.0560009257198242e-08	0.61576986	-0.7518026	0.00658328	1e+10	0.005882557
1.0570016725415875e-08	0.6117681	-0.7544384	-0.016332084	1e+10	0.0095138075
1.0580024139868706e-08	0.6246474	-0.73983246	-0.032937676	1e+10	0.009505867
1.059000377072501e-08	0.6485186	-0.71316034	-0.03710605	1e+10	0.005875936
1.0600010996970133e-08	0.6753859	-0.6859725	-0.027401682	1e+10	-6.9095995e-06
1.0610018631340399e-08	0.69681233	-0.6703581	-0.0071248566	1e+10	-0.0058873193
1.0620026116066606e-08	0.7043984	-0.6715696	0.015961189	1e+10	-0.009515623
1.0630005815259818e-08	0.69313383	-0.6871252	0.0326144	1e+10	-0.009509436
1.0640012413604706e-08	0.6667187	-0.7107712	0.036685377	1e+10	-0.005871541
1.0650018795625692e-08	0.63664895	-0.7349048	0.026806517	1e+10	1.1809637e-05
1.0660025522568684e-08	0.61574763	-0.75182116	0.0065455777	1e+10	0.005890819
1.0670005619788919e-08	0.6117616	-0.754446	-0.016308656	1e+10	0.009511656
1.0680013013509707e-08	0.6246244	-0.7398579	-0.032925367	1e+10	0.009508035
1.0690020171369014e-08	0.64856136	-0.7131133	-0.03710118	1e+10	0.0058675944
1.070002746973599e-08	0.6754267	-0.68593556	-0.027375318	1e+10	-1.7259736e-05
1.0710007442953253e-08	0.6967933	-0.6703675	-0.007150826	1e+10	-0.0058816355
1.0720015062800077e-08	0.7043989	-0.67156065	0.015937584	1e+10	-0.009513485
1.0730022318653131e-08	0.6930994	-0.6871608	0.03263241	1e+10	-0.009506223
1.0740001271147567e-08	0.66675186	-0.71074414	0.036688596	1e+10	-0.0058772066
1.0750007728934728e-08	0.63667864	-0.7348814	0.026824027	1e+10	4.856233e-06
1.0760014405352009e-08	0.6157618	-0.7518096	0.0065710326	1e+10	0.0058851726
1.0770021870980312e-08	0.6117695	-0.7544364	-0.016343169	1e+10	0.009514803
1.0780001751939415e-08	0.6246022	-0.73988295	-0.03291307	1e+10	0.009510225
1.0790009166584177e-08	0.6485319	-0.7131453	-0.037104454	1e+10	0.005873192
1.0800016333320476e-08	0.6753982	-0.6859611	-0.02739309	1e+10	-1.0262526e-05
1.0810023838310441e-08	0.6968192	-0.67035556	-0.0071127135	1e+10	-0.0058899634
1.0820003785690827e-08	0.70440066	-0.67155045	0.015913583	1e+10	-0.0095113
1.0830011136357679e-08	0.6931219	-0.6871377	0.032620076	1e+10	-0.0095084
1.0840017744506538e-08	0.66670156	-0.7107857	0.036683425	1e+10	-0.005868829
1.0850024170289261e-08	0.63663363	-0.7349172	0.026797503	1e+10	1.5186635e-05
1.0860003348157304e-08	0.6157764	-0.75179744	0.0065963822	1e+10	0.0058795544
1.0870010739558041e-08	0.6117643	-0.7544427	-0.016319871	1e+10	0.009512648
1.0880018247210954e-08	0.6246352	-0.73984575	-0.032931466	1e+10	0.009507016
1.0890025519005917e-08	0.6485765	-0.71309686	-0.03709983	1e+10	0.005864873
1.0900005025783605e-08	0.6753702	-0.6859864	-0.027411196	1e+10	-3.157793e-06
1.0910012654884081e-08	0.6968024	-0.67036295	-0.007138692	1e+10	-0.005884283
1.0920020366091883e-08	0.7043988	-0.67156506	0.015948955	1e+10	-0.009514512
1.0930000063354098e-08	0.69314516	-0.6871139	0.032607973	1e+10	-0.0095105525
1.0940006545360915e-08	0.6667363	-0.71075684	0.036686976	1e+10	-0.005874525
1.0950013016408055e-08	0.6366647	-0.7348922	0.02681541	1e+10	8.178449e-06
1.0960019706773241e-08	0.6157556	-0.75181437	0.0065585095	1e+10	0.0058878656
1.0970027129903246e-08	0.6117734	-0.75443196	-0.016354628	1e+10	0.009515819
1.0980007034536604e-08	0.6246142	-0.7398698	-0.032919265	1e+10	0.009509198
1.099001439414883e-08	0.6485479	-0.71312845	-0.037103232	1e+10	0.005870533
1.1000000000000001e-08	0.67535865	-0.685997	-0.027419303	1e+10	-1.5690335e-16
1.2000000000000002e-08	0.73043716	-0.6482464	0.008960863	1.01e+10	-0.009510566
1.2010009407623132e-08	0.72075266	-0.66097444	0.029631056	1.01e+10	-0.009489079
1.2020015744963829e-08	0.69471574	-0.68474555	0.038418107	1.01e+10	-0.0057675675
1.2030022077643051e-08	0.66295576	-0.71014726	0.03181033	1.01e+10	0.00020249223
1.2040001324746289e-08	0.6397495	-0.7284511	0.012760471	1.01e+10	0.0060799704
1.2050008875982629e-08	0.63494706	-0.733572	-0.011194045	1.01e+10	0.009604507
1.2060016720236556e-08	0.64928305	-0.722401	-0.030743608	1.01e+10	0.009383677
1.2070024479867088e-08	0.67553794	-0.6977466	-0.038544707	1.01e+10	0.0055034948
1.2080004300618132e-08	0.7035556	-0.66938484	-0.031617317	1.01e+10	-0.0005051689
1.2090011447469222e-08	0.724402	-0.6496695	-0.012224408	1.01e+10	-0.0063313264
1.2100018580310924e-08	0.730699	-0.6472059	0.012382636	1.01e+10	-0.009688757
1.2110025382201062e-08	0.71816295	-0.66238	0.032338556	1.01e+10	-0.009268416
1.2120004268342666e-08	0.6900092	-0.6882372	0.039506502	1.01e+10	-0.005249441
1.213001070056491e-08	0.6575296	-0.71486837	0.03130774	1.01e+10	0.0008226739
1.2140017582689334e-08	0.63502836	-0.7333861	0.011201886	1.01e+10	0.0065742694
1.2150025259107788e-08	0.6315752	-0.73771656	-0.012926912	1.01e+10	0.009762652
1.2160005501331198e-08	0.6467823	-0.7252518	-0.031848237	1.01e+10	0.009151004
1.2170013157464555e-08	0.67332625	-0.6994671	-0.038540993	1.01e+10	0.0049746097
1.2180020239689117e-08	0.7011929	-0.67075884	-0.030263294	1.01e+10	-0.001141325
1.2190027405700935e-08	0.7212486	-0.6518849	-0.00986756	1.01e+10	-0.006812276
1.2200007111995772e-08	0.72618693	-0.6510888	0.014740807	1.01e+10	-0.009823717
1.22100138855902e-08	0.71220875	-0.66803247	0.033731684	1.01e+10	-0.009017535
1.2220020499271179e-08	0.68317556	-0.695123	0.039516978	1.01e+10	-0.0046955575
1.223002694367119e-08	0.65088874	-0.72202504	0.030179981	1.01e+10	0.001457026
1.224000615313503e-08	0.62918085	-0.7399524	0.009611762	1.01e+10	0.0070292777
1.225001366827178e-08	0.6262133	-0.7431188	-0.014355871	1.01e+10	0.009878237
1.2260021500199406e-08	0.64152175	-0.7293436	-0.032497928	1.01e+10	0.008875086
1.2270001453170606e-08	0.6678154	-0.7031089	-0.037907705	1.01e+10	0.0044267555
1.2280008671570386e-08	0.69536346	-0.67507887	-0.028497204	1.01e+10	-0.0017556484
1.2290015977556192e-08	0.7148756	-0.6578291	-0.0076585175	1.01e+10	-0.0072535146
1.2300023266106452e-08	0.7189597	-0.65878546	0.01645721	1.01e+10	-0.009922987
1.2310002459682232e-08	0.7042755	-0.67656326	0.03406072	1.01e+10	-0.008731863
1.2320008876190221e-08	0.6753371	-0.70333606	0.038402908	1.01e+10	-0.0041386285
1.233001550894014e-08	0.6441305	-0.7290787	0.028032308	1.01e+10	0.0020682563
1.2340022403867258e-08	0.6238624	-0.7453982	0.0070324205	1.01e+10	0.007468873
1.2350002378848693e-08	0.62209547	-0.74667567	-0.016426055	1.01e+10	0.009955762
1.2360009942119675e-08	0.6380051	-0.7314117	-0.033322003	1.01e+10	0.008572019
1.2370017318333416e-08	0.6644054	-0.7047814	-0.037132334	1.01e+10	0.0038456973
1.2380024597739422e-08	0.6915296	-0.67793375	-0.02648142	1.01e+10	-0.002380154
1.2390004471075772e-08	0.7102033	-0.66283417	-0.005406072	1.01e+10	-0.007666752
1.2400011601091765e-08	0.71323335	-0.665512	0.017949749	1.01e+10	-0.009980727
1.2410018539453404e-08	0.69770586	-0.6836888	0.03409754	1.01e+10	-0.008403074
1.242002516540765e-08	0.66908395	-0.709391	0.03672364	1.01e+10	-0.003549193
1.243000399577732e-08	0.63967824	-0.73314726	0.025069708	1.01e+10	0.0026714636
1.2440010986139708e-08	0.6218748	-0.7471989	0.0036163253	1.01e+10	0.00786719
1.2450018551761187e-08	0.6224681	-0.74610215	-0.019282559	1.01e+10	0.009995429
1.2460026095596086e-08	0.6399617	-0.7289431	-0.034622066	1.01e+10	0.008225921
1.2470005845856126e-08	0.6667323	-0.7018145	-0.036585603	1.01e+10	0.003265374
1.248001321239146e-08	0.6933389	-0.67605495	-0.024533048	1.01e+10	-0.002978421
1.2490020510712885e-08	0.71084785	-0.66305375	-0.0029131696	1.01e+10	-0.008060789
1.2500000270801905e-08	0.7122204	-0.6675123	0.019791663	1.01e+10	-0.01
1.2510006889312947e-08	0.69535434	-0.6862117	0.03450689	1.01e+10	-0.008050486
1.2520013339563885e-08	0.66666293	-0.71115285	0.035334565	1.01e+10	-0.0029623315
1.2530019831570832e-08	0.6387452	-0.7333332	0.022135573	1.01e+10	0.0032807714
1.2540027026270464e-08	0.6236709	-0.7452309	9.293375e-05	1.01e+10	0.008245043
1.2550007004993857e-08	0.6270871	-0.7417968	-0.022118524	1.01e+10	0.009994925
1.256001465300159e-08	0.64649963	-0.7227582	-0.03590315	1.01e+10	0.0078571355
1.2570022118842137e-08	0.6738613	-0.6949673	-0.035984904	1.01e+10	0.0026554898
1.2580001725460765e-08	0.69962156	-0.67038697	-0.022402324	1.01e+10	-0.003565142
1.2590009220551367e-08	0.7154133	-0.65954494	-7.9467834e-05	1.01e+10	-0.008412611
1.2600016481407791e-08	0.7144545	-0.66604745	0.022276852	1.01e+10	-0.009979605
1.2610023081158476e-08	0.69547707	-0.685892	0.035590705	1.01e+10	-0.0076555144
1.2620001925007348e-08	0.66604143	-0.71077955	0.034591	1.01e+10	-0.002363803
1.2630008233003878e-08	0.6390299	-0.73202014	0.019855708	1.01e+10	0.0038606601
1.2640015388904677e-08	0.62626106	-0.7423038	-0.002822918	1.01e+10	0.008580286
1.2650023085170304e-08	0.63235056	-0.7368982	-0.02456104	1.01e+10	0.00995423
1.2660003232463264e-08	0.653528	-0.7163331	-0.03688594	1.01e+10	0.007458045
1.2670010549619655e-08	0.6812821	-0.6881597	-0.035221532	1.01e+10	0.0020520743
1.2680017934872303e-08	0.70616436	-0.66463244	-0.020063369	1.01e+10	-0.0041541117
1.2690025424312636e-08	0.7199357	-0.6558795	0.003026939	1.01e+10	-0.0087404745
1.2700005007203411e-08	0.7163279	-0.66448456	0.024967369	1.01e+10	-0.009920748
1.2710011556622728e-08	0.6949406	-0.685851	0.036949515	1.01e+10	-0.0072414754
1.2720017804897634e-08	0.6642301	-0.71135896	0.03419585	1.01e+10	-0.0017391049
1.2730024464727636e-08	0.63778114	-0.7321535	0.017987696	1.01e+10	0.004441498
1.2740004168260178e-08	0.62701356	-0.74120456	-0.0052307285	1.01e+10	0.008882579
1.275001193815678e-08	0.63535	-0.7342222	-0.026525991	1.01e+10	0.009875695
1.2760019503230434e-08	0.6580832	-0.7122822	-0.037646167	1.01e+10	0.007017688
1.2770026881986628e-08	0.68612856	-0.6837642	-0.03440296	1.01e+10	0.0014232242
1.2780006688513194e-08	0.7100929	-0.6611668	-0.017919116	1.01e+10	-0.0047107837
1.2790013845894685e-08	0.72207105	-0.6540898	0.005807996	1.01e+10	-0.009025127
1.2800021073854246e-08	0.71605605	-0.6646239	0.027377972	1.01e+10	-0.009820358
1.2810027536637422e-08	0.69255215	-0.6874821	0.038034566	1.01e+10	-0.00678671
1.2820006439172043e-08	0.6610384	-0.7135376	0.03372628	1.01e+10	-0.0011245036
1.2830013120607222e-08	0.6352372	-0.7340454	0.01631829	1.01e+10	0.004989069
1.2840020436511323e-08	0.6261368	-0.7420732	-0.007384731	1.01e+10	0.00915763
1.285000061001007e-08	0.6361513	-0.7336787	-0.02813917	1.01e+10	0.009759083
1.28600083061231e-08	0.6598854	-0.710586	-0.038124524	1.01e+10	0.006561881
1.2870015549551544e-08	0.6880533	-0.68179667	-0.033508897	1.01e+10	0.00080607086
1.2880022806148888e-08	0.7113594	-0.65993893	-0.015847322	1.01e+10	-0.0052640573
1.2890002513407801e-08	0.7218193	-0.65440416	0.008193491	1.01e+10	-0.009275048
1.2900009690986932e-08	0.71394145	-0.6665405	0.029154737	1.01e+10	-0.0096843
1.291001620241111e-08	0.68902236	-0.6904882	0.038531654	1.01e+10	-0.0063177347
1.2920022479488554e-08	0.6571626	-0.7168857	0.03284626	1.01e+10	-0.00048819516
1.2930001590984895e-08	0.6323572	-0.7368172	0.014555745	1.01e+10	0.0055173007
1.2940009009612214e-08	0.6246828	-0.7437011	-0.009328083	1.01e+10	0.009389307
1.2950016702011259e-08	0.6359278	-0.73385644	-0.029503	1.01e+10	0.009599974
1.2960024454147118e-08	0.6602626	-0.70976675	-0.038250893	1.01e+10	0.006066974
1.2970003995853131e-08	0.68826187	-0.6811095	-0.03232211	1.01e+10	0.00018594907
1.2980011177143319e-08	0.71083623	-0.66037613	-0.013757901	1.01e+10	-0.005781516
1.299001865865209e-08	0.71996695	-0.65651333	0.01042741	1.01e+10	-0.009494685
1.3000025748040781e-08	0.7104932	-0.67009735	0.03053155	1.01e+10	-0.009505503
1.3010004705810828e-08	0.68469214	-0.6945982	0.038519915	1.01e+10	-0.0058244774
1.3020011023048624e-08	0.6530614	-0.7207386	0.031551465	1.01e+10	0.00013265506
1.3030017891070614e-08	0.6294119	-0.7397649	0.012429595	1.01e+10	0.0060383496
1.3040025348211927e-08	0.62326443	-0.7451644	-0.011444196	1.01e+10	0.00958979
1.3050005368556552e-08	0.6356146	-0.73382795	-0.030729055	1.01e+10	0.0094076535
1.3060012919918256e-08	0.66040593	-0.7089236	-0.038129717	1.01e+10	0.005561944
1.3070020099057602e-08	0.6882406	-0.6805987	-0.030840263	1.01e+10	-0.00045242338
1.3080027407013298e-08	0.7099318	-0.6614211	-0.011476709	1.01e+10	-0.0062904437
1.3090007207274027e-08	0.7176244	-0.6594212	0.012519929	1.01e+10	-0.00967118
1.3100014276886115e-08	0.70666975	-0.6742346	0.031624112	1.01e+10	-0.009294426
1.311002065925037e-08	0.6800621	-0.6990147	0.03815893	1.01e+10	-0.0052939937
1.3120027143829126e-08	0.6489848	-0.7244336	0.029805636	1.01e+10	0.0007704435
1.3130006294794709e-08	0.6269818	-0.74205637	0.009974089	1.01e+10	0.006521366
1.3140013807181522e-08	0.62267435	-0.74572045	-0.013765488	1.01e+10	0.00974723
1.3150021484148279e-08	0.6364856	-0.7326815	-0.03208764	1.01e+10	0.009172123
1.3160001488217332e-08	0.6617918	-0.70702577	-0.037974365	1.01e+10	0.005035416
1.3170008759289523e-08	0.68933237	-0.6792405	-0.029305836	1.01e+10	-0.0010716383
1.3180016228059098e-08	0.71001905	-0.6617392	-0.009185871	1.01e+10	-0.0067609195
1.319002351964656e-08	0.7161485	-0.66162455	0.014686091	1.01e+10	-0.009813783
1.3200002857636279e-08	0.7036221	-0.6775496	0.03265357	1.01e+10	-0.009047498
1.3210009261963792e-08	0.67631197	-0.7023874	0.03764814	1.01e+10	-0.004757213
1.3220015724669496e-08	0.64593	-0.7269268	0.027874684	1.01e+10	0.0013877859
1.3230022593542288e-08	0.62573165	-0.74307024	0.007213056	1.01e+10	0.006991912
1.32400024117157e-08	0.6236489	-0.7448182	-0.016262343	1.01e+10	0.009867108
1.3250010148295528e-08	0.63915336	-0.73002553	-0.033489637	1.01e+10	0.008907139
1.3260017633246692e-08	0.6652273	-0.70344573	-0.03782232	1.01e+10	0.0044738273
1.3270024834603017e-08	0.6924174	-0.6762362	-0.027675992	1.01e+10	-0.0017038662
1.3280004565767844e-08	0.71185964	-0.660503	-0.0067941276	1.01e+10	-0.0072051
1.3290011945017011e-08	0.7161954	-0.66227365	0.016913272	1.01e+10	-0.00991407
1.3300018863351398e-08	0.7018148	-0.6794728	0.033825286	1.01e+10	-0.008757293
1.3310025275795376e-08	0.67361856	-0.704516	0.03720489	1.01e+10	-0.004186296
1.3320004242128063e-08	0.64392257	-0.72823733	0.025996445	1.01e+10	0.0019997375
1.3330011142595887e-08	0.6255727	-0.7429471	0.0045675905	1.01e+10	0.0074221585
1.334001865911201e-08	0.6257804	-0.74282765	-0.018745154	1.01e+10	0.009950692
1.3350026391207827e-08	0.6430804	-0.72629404	-0.034835532	1.01e+10	0.008598883
1.3360006209019611e-08	0.669785	-0.6990069	-0.037593603	1.01e+10	0.0039101103
1.3370013500705219e-08	0.6965685	-0.6724107	-0.026001334	1.01e+10	-0.0023122304
1.338002081573589e-08	0.71472603	-0.65834653	-0.004233747	1.01e+10	-0.0076329657
1.339000064429488e-08	0.7170415	-0.66201425	0.019251062	1.01e+10	-0.009976153
1.3400007416915668e-08	0.7006761	-0.6805433	0.03507869	1.01e+10	-0.008440756
1.3410013758778094e-08	0.6714422	-0.7059925	0.03690861	1.01e+10	-0.003614614
1.3420020284325606e-08	0.64210856	-0.7292511	0.024247026	1.01e+10	0.0026208397
1.3430027233176623e-08	0.6255098	-0.74268246	0.0020738468	1.01e+10	0.00783466
1.3440007349370242e-08	0.62786734	-0.74086684	-0.020933416	1.01e+10	0.00999307
1.3450015053857565e-08	0.6467854	-0.7228167	-0.035943754	1.01e+10	0.008265432
1.3460022485375776e-08	0.67416346	-0.69483525	-0.03720584	1.01e+10	0.0033147363
1.3470002106677735e-08	0.70040935	-0.66897523	-0.024262797	1.01e+10	-0.0029116406
1.3480009468296689e-08	0.71720266	-0.6565086	-0.0017503521	1.01e+10	-0.008019261
1.3490016758993208e-08	0.71747595	-0.66198754	0.021573905	1.01e+10	-0.009999864
1.3500023554331836e-08	0.69910115	-0.6818541	0.03626683	1.01e+10	-0.008081375
1.3510002316927383e-08	0.6689554	-0.70770097	0.036579095	1.01e+10	-0.0030289516
1.3520008731712569e-08	0.6400801	-0.73055017	0.022615196	1.01e+10	0.0032146836
1.3530015840889076e-08	0.6251059	-0.74286366	-0.00017668284	1.01e+10	0.008205271
1.3540023464426777e-08	0.62940925	-0.73948777	-0.02293206	1.01e+10	0.009996457
1.3550003739300334e-08	0.64965487	-0.7201272	-0.03681194	1.01e+10	0.007900096
1.3560011131505305e-08	0.67745566	-0.6916815	-0.03666028	1.01e+10	0.002722723
1.3570018389349612e-08	0.70324624	-0.66646737	-0.022416852	1.01e+10	-0.0035162703
1.3580025744715382e-08	0.7186546	-0.65557337	0.0007123208	1.01e+10	-0.008384196
1.359000547256926e-08	0.71698594	-0.66270614	0.023624036	1.01e+10	-0.009983819
1.3600011981298947e-08	0.6968714	-0.6837326	0.037161455	1.01e+10	-0.0077002835
1.3610018557639302e-08	0.66594374	-0.7099924	0.036009945	1.01e+10	-0.0024145658
1.3620024959632312e-08	0.63776577	-0.7323464	0.020844057	1.01e+10	0.0038124388
1.3630004549091166e-08	0.62446827	-0.7434773	-0.0023527164	1.01e+10	0.008544275
1.3640012244984054e-08	0.63046354	-0.7386075	-0.024683196	1.01e+10	0.0099606505
1.3650019891306527e-08	0.65186447	-0.71794796	-0.037456397	1.01e+10	0.007492757
1.3660027308652794e-08	0.6798928	-0.6891944	-0.03587924	1.01e+10	0.0021031317
1.367000686772332e-08	0.705001	-0.6649076	-0.020521786	1.01e+10	-0.004090468
1.3680014345820243e-08	0.71906364	-0.65559983	0.003044295	1.01e+10	-0.00870632
1.369002153763908e-08	0.71555626	-0.6643568	0.025505116	1.01e+10	-0.009927189
1.3700000598155376e-08	0.6939922	-0.68631274	0.037759367	1.01e+10	-0.0072894264
1.3710007025202798e-08	0.6626938	-0.7126906	0.03519189	1.01e+10	-0.001807673
1.3720013611451024e-08	0.6354238	-0.7343873	0.018968226	1.01e+10	0.004378925
1.3730020974839844e-08	0.62375975	-0.7442664	-0.0046079983	1.01e+10	0.008858496
1.3740001022272546e-08	0.63131404	-0.7378515	-0.026312962	1.01e+10	0.00988642
1.3750008642359848e-08	0.6536123	-0.71604323	-0.037873916	1.01e+10	0.0070671886
1.3760016058758087e-08	0.68169904	-0.68718493	-0.03490258	1.01e+10	0.0014921798
1.377002318552895e-08	0.7061521	-0.66393095	-0.01843091	1.01e+10	-0.0046645305
1.3780002918493389e-08	0.71876717	-0.65639985	0.0053597763	1.01e+10	-0.0089948615
1.379001008177822e-08	0.71350527	-0.66670185	0.027162993	1.01e+10	-0.00983329
1.380001673791529e-08	0.6905606	-0.6895054	0.038111404	1.01e+10	-0.0068377242
1.3810023161880278e-08	0.6591386	-0.7157433	0.034077734	1.01e+10	-0.0011763764
1.3820002157791051e-08	0.63308024	-0.73648316	0.016888719	1.01e+10	0.004928465
1.3830009433785137e-08	0.6231723	-0.7449245	-0.006886704	1.01e+10	0.00912936
1.3840017219906137e-08	0.63234216	-0.73684716	-0.027953368	1.01e+10	0.009770359
1.3850024710905203e-08	0.6555147	-0.71390665	-0.038171057	1.01e+10	0.0066013476
1.386000446464153e-08	0.6834929	-0.68517905	-0.033770807	1.01e+10	0.0008756896
1.3870011806493947e-08	0.7071341	-0.6631975	-0.016291553	1.01e+10	-0.0052045723
1.388001918598881e-08	0.7182852	-0.6575031	0.0077395905	1.01e+10	-0.009255389
1.3890026195003595e-08	0.7112057	-0.6693426	0.028748449	1.01e+10	-0.009697219
1.39000052138148e-08	0.6871046	-0.6927096	0.038254905	1.01e+10	-0.00637169
1.391001163826225e-08	0.6557453	-0.7186099	0.0327688	1.01e+10	-0.00055781135
1.3920018365751107e-08	0.63096136	-0.73831546	0.014550932	1.01e+10	0.0054737013
1.3930025702380826e-08	0.6230363	-0.74512184	-0.009346027	1.01e+10	0.009371204
1.3940005709293397e-08	0.63388604	-0.7353446	-0.029556807	1.01e+10	0.009619287
1.3950013362709939e-08	0.657935	-0.7113189	-0.03839305	1.01e+10	0.006122368
1.3960020722351154e-08	0.6859108	-0.68266094	-0.032512788	1.01e+10	0.00023815445
1.3970000513292406e-08	0.7085787	-0.66212314	-0.014082122	1.01e+10	-0.0057245884
1.398000778939299e-08	0.71815026	-0.65829086	0.010062071	1.01e+10	-0.0094725685
1.399001500954596e-08	0.7092478	-0.67158735	0.030229473	1.01e+10	-0.009526903
1.4000021564269857e-08	0.68388855	-0.69557583	0.03829705	1.01e+10	-0.0058667758
1.4010000217238728e-08	0.6527616	-0.720996	0.03134231	1.01e+10	6.2969295e-05
1.402000688896706e-08	0.62941784	-0.7395523	0.0121808015	1.01e+10	0.0059825536
1.4030014426271417e-08	0.6235311	-0.74469936	-0.011771041	1.01e+10	0.009569781
1.4040022038067795e-08	0.6361848	-0.7331477	-0.031164851	1.01e+10	0.0094252415
1.4050001985692357e-08	0.6610638	-0.708132	-0.038540855	1.01e+10	0.0056197913
1.4060009236242397e-08	0.6889212	-0.6796955	-0.031205691	1.01e+10	-0.00038275894
1.4070016665023991e-08	0.71065366	-0.66054267	-0.011748536	1.01e+10	-0.0062361485
1.4080024019158536e-08	0.7184923	-0.6586139	0.012465931	1.01e+10	-0.009657781
1.4090003481376376e-08	0.70769805	-0.67332876	0.031685777	1.01e+10	-0.009319911
1.4100009982592865e-08	0.6811497	-0.69787383	0.03829491	1.01e+10	-0.005352918
1.4110016387422928e-08	0.650106	-0.7229786	0.029853707	1.01e+10	0.00070097455
1.4120023118754678e-08	0.6282575	-0.7403831	0.009770534	1.01e+10	0.0064817388
1.413000311678696e-08	0.62443864	-0.743868	-0.014111709	1.01e+10	0.009731441
1.4140010884883775e-08	0.6388029	-0.7306585	-0.032603573	1.01e+10	0.009199613
1.4150018244225935e-08	0.6645794	-0.7046328	-0.038554266	1.01e+10	0.005080445
1.4160025591841594e-08	0.6922461	-0.67653203	-0.029755395	1.01e+10	-0.0010197745
1.4170005391757877e-08	0.71285003	-0.65889627	-0.009431992	1.01e+10	-0.006709393
1.4180012596184897e-08	0.71892416	-0.6587785	0.0147854565	1.01e+10	-0.009800144
1.4190019548413799e-08	0.70615286	-0.6749463	0.033112213	1.01e+10	-0.009069626
1.4200025939785741e-08	0.6784198	-0.7000537	0.038220994	1.01e+10	-0.004803105
1.4210004851885396e-08	0.6476721	-0.72473437	0.028385278	1.01e+10	0.0013186957
1.4220011841536128e-08	0.6272869	-0.74105865	0.0074802097	1.01e+10	0.006941944
1.4230019388757042e-08	0.6254495	-0.7429566	-0.016379917	1.01e+10	0.009858516
1.4240027038534906e-08	0.6414429	-0.72815275	-0.033897918	1.01e+10	0.008930707
1.425000708739442e-08	0.66785395	-0.7013991	-0.0384011	1.01e+10	0.004535897
1.4260014279237273e-08	0.6952459	-0.67373824	-0.028235253	1.01e+10	-0.001635312
1.4270021727986066e-08	0.7147681	-0.6575456	-0.007027994	1.01e+10	-0.007168985
1.4280001264583514e-08	0.71901214	-0.6591998	0.017029189	1.01e+10	-0.009904725
1.4290008096728941e-08	0.7043711	-0.6766814	0.03435962	1.01e+10	-0.008790715
1.4300014548790718e-08	0.67561364	-0.7022703	0.038008917	1.01e+10	-0.0042494372
1.4310021075239024e-08	0.64513814	-0.7266246	0.026790613	1.01e+10	0.0019486144
1.4320000429035956e-08	0.6263406	-0.74180526	0.0052150767	1.01e+10	0.007375315
1.4330008031129166e-08	0.62638897	-0.7421576	-0.018460605	1.01e+10	0.0099435495
1.434001574901221e-08	0.64381075	-0.72589105	-0.034974873	1.01e+10	0.008634197
1.4350023246483418e-08	0.6708403	-0.69840705	-0.038057026	1.01e+10	0.0039579356
1.4360002941097643e-08	0.69777846	-0.67139006	-0.026597215	1.01e+10	-0.0022445265
1.437001035635487e-08	0.7161233	-0.6567126	-0.004678477	1.01e+10	-0.0075879013
1.4380017503698772e-08	0.7185586	-0.6601057	0.019224737	1.01e+10	-0.00997242
1.4390024256650652e-08	0.70210636	-0.6788329	0.035446666	1.01e+10	-0.008468603
1.4400003328066477e-08	0.67258644	-0.704718	0.037605457	1.01e+10	-0.0036792818
1.4410009804803791e-08	0.6426467	-0.7285908	0.025118124	1.01e+10	0.0025537235
1.4420016614051529e-08	0.6254107	-0.74264497	0.0028715185	1.01e+10	0.0077912365
